compagnie,Domaine,Porte-greffe,parcelle,Filename,True_count,detect_count,TP,FP,FN,Precision,Recall
2022,SAOUDA,BIGARADIER,10010,IMG-00011-45.jpg,28,26,26,0,2,1.0,0.9285714285714286
2022,SAOUDA,BIGARADIER,10010,IMG-00012-45.jpg,27,28,25,3,2,0.8928571428571429,0.925925925925926
2022,SAOUDA,BIGARADIER,10010,IMG-00014-45.jpg,50,46,45,1,5,0.9782608695652174,0.9
2022,SAOUDA,BIGARADIER,10010,IMG-00018-45.jpg,30,26,26,0,4,1.0,0.8666666666666667
2022,SAOUDA,BIGARADIER,10010,IMG-00020-45.jpg,31,29,27,2,4,0.9310344827586208,0.8709677419354839
2024,SAOUDA,BIGARADIER,10010,IMG-23410.jpg,85,11,11,0,74,1.0,0.1294117647058824
2024,SAOUDA,BIGARADIER,10010,IMG-23417.jpg,86,13,13,0,73,1.0,0.1511627906976744
2024,SAOUDA,BIGARADIER,10010,IMG-23430.jpg,74,18,18,0,56,1.0,0.2432432432432433
2024,SAOUDA,BIGARADIER,10010,IMG-23647.jpg,95,15,15,0,80,1.0,0.1578947368421053
2024,SAOUDA,BIGARADIER,10010,IMG-23672.jpg,47,4,4,0,43,1.0,0.0851063829787234
2024,SAOUDA,BIGARADIER,10010,IMG-23707.jpg,30,9,9,0,21,1.0,0.3
2024,SAOUDA,BIGARADIER,10010,IMG-23709.jpg,31,9,9,0,22,1.0,0.2903225806451613
2024,SAOUDA,BIGARADIER,10010,IMG-23711.jpg,79,12,12,0,67,1.0,0.1518987341772152
2022,SAOUDA,MACROPHYLLA,10030,IMG-00158-45.jpg,101,97,89,8,12,0.9175257731958762,0.8811881188118812
2022,SAOUDA,MACROPHYLLA,10030,IMG-00159-45.jpg,155,155,141,14,14,0.9096774193548388,0.9096774193548388
2022,SAOUDA,MACROPHYLLA,10030,IMG-00162-45.jpg,119,119,109,10,10,0.9159663865546218,0.9159663865546218
2022,SAOUDA,MACROPHYLLA,10030,IMG-00169-45.jpg,72,71,67,4,5,0.943661971830986,0.9305555555555556
2022,SAOUDA,MACROPHYLLA,10031,IMG-00002-45.jpg,46,46,44,2,2,0.9565217391304348,0.9565217391304348
2022,SAOUDA,MACROPHYLLA,10031,IMG-00084-45.jpg,41,41,40,1,1,0.975609756097561,0.975609756097561
2022,SAOUDA,MACROPHYLLA,10031,IMG-00450-45.jpg,27,28,26,2,1,0.9285714285714286,0.9629629629629628
2022,SAOUDA,MACROPHYLLA,10031,IMG-00451-45.jpg,34,35,32,3,2,0.9142857142857144,0.9411764705882352
2022,SAOUDA,MACROPHYLLA,10031,IMG-00464-45.jpg,33,33,33,0,0,1.0,1.0
2022,ONAGRI,CITRUS VOLKAMERIANA,10101,IMG-00003-39.jpg,120,123,113,10,7,0.91869918699187,0.9416666666666668
2022,ONAGRI,CITRUS VOLKAMERIANA,10101,IMG-00010-39.jpg,85,78,71,7,14,0.9102564102564102,0.8352941176470589
2024,ONAGRI,CITRUS VOLKAMERIANA,10101,IMG-10523.jpg,288,228,225,3,63,0.986842105263158,0.78125
2024,ONAGRI,CITRUS VOLKAMERIANA,10101,IMG-10545.jpg,98,79,76,3,22,0.9620253164556962,0.7755102040816326
2024,ONAGRI,CITRUS VOLKAMERIANA,10101,IMG-10558.jpg,143,100,97,3,46,0.97,0.6783216783216783
2022,ONAGRI,CITRUS VOLKAMERIANA,10102,IMG-00003-39.jpg,48,46,44,2,4,0.9565217391304348,0.9166666666666666
2024,ONAGRI,CITRUS VOLKAMERIANA,10102,IMG-10637.jpg,140,108,106,2,34,0.9814814814814816,0.7571428571428571
2024,ONAGRI,CITRUS VOLKAMERIANA,10102,IMG-10658.jpg,163,131,127,4,36,0.9694656488549618,0.7791411042944786
2022,ONAGRI,CITRUS VOLKAMERIANA,10103,IMG-00003-39.jpg,215,202,192,10,23,0.9504950495049505,0.8930232558139535
2022,ONAGRI,CITRUS VOLKAMERIANA,10103,IMG-00008-39.jpg,195,197,183,14,12,0.9289340101522844,0.9384615384615383
2024,ONAGRI,CITRUS VOLKAMERIANA,10103,IMG-10614.jpg,134,111,107,4,27,0.963963963963964,0.7985074626865671
2024,ONAGRI,CITRUS VOLKAMERIANA,10103,IMG-10630.jpg,213,171,170,1,43,0.9941520467836256,0.7981220657276995
2024,ONAGRI,CITRUS VOLKAMERIANA,10103,IMG-10631.jpg,134,99,98,1,36,0.98989898989899,0.7313432835820896
2022,ONAGRI,CITRUS VOLKAMERIANA,10104,IMG-00004-39.jpg,65,65,59,6,6,0.9076923076923076,0.9076923076923076
2022,ONAGRI,CITRUS VOLKAMERIANA,10104,IMG-00008-39.jpg,69,71,61,10,8,0.8591549295774648,0.8840579710144928
2024,ONAGRI,CITRUS VOLKAMERIANA,10104,IMG-11267.jpg,22,14,12,2,10,0.8571428571428571,0.5454545454545454
2024,ONAGRI,CITRUS VOLKAMERIANA,10104,IMG-11327.jpg,128,91,90,1,38,0.989010989010989,0.703125
2024,ONAGRI,CITRUS VOLKAMERIANA,10104,IMG-11347.jpg,118,92,92,0,26,1.0,0.7796610169491526
2024,ONAGRI,CITRUS VOLKAMERIANA,10104,IMG-11366.jpg,351,236,233,3,118,0.9872881355932204,0.6638176638176638
2024,ONAGRI,CITRUS VOLKAMERIANA,10104,IMG-11386.jpg,99,80,77,3,22,0.9625,0.7777777777777778
2022,ONAGRI,CITRUS VOLKAMERIANA,10105,IMG-00004-39.jpg,17,20,16,4,1,0.8,0.9411764705882352
2022,ONAGRI,CITRUS VOLKAMERIANA,10105,IMG-00005-39.jpg,68,69,61,8,7,0.8840579710144928,0.8970588235294118
2022,ONAGRI,CITRUS VOLKAMERIANA,10108,IMG-00003-39.jpg,61,52,51,1,10,0.9807692307692308,0.8360655737704918
2022,ONAGRI,CITRUS VOLKAMERIANA,10108,IMG-00007-39.jpg,69,64,62,2,7,0.96875,0.8985507246376812
2022,ONAGRI,CITRUS VOLKAMERIANA,10109,IMG-00003-39.jpg,4,4,4,0,0,1.0,1.0
2022,ONAGRI,CITRUS VOLKAMERIANA,10109,IMG-00008-39.jpg,105,103,96,7,9,0.9320388349514565,0.9142857142857144
2022,KHOUALKA,CITRANGE CARRIZO,10213,IMG-00001.jpg,77,75,71,4,6,0.9466666666666668,0.922077922077922
2022,KHOUALKA,CITRANGE CARRIZO,10213,IMG-00005-40.jpg,73,72,69,3,4,0.9583333333333334,0.9452054794520548
2022,KHOUALKA,CITRANGE CARRIZO,10213,IMG-00009-40.jpg,14,15,13,2,1,0.8666666666666667,0.9285714285714286
2022,KHOUALKA,CITRANGE CARRIZO,10213,IMG-00014-40.jpg,21,22,18,4,3,0.8181818181818182,0.8571428571428571
2022,KHOUALKA,CITRANGE CARRIZO,10213,IMG-00028-40.jpg,47,45,44,1,3,0.9777777777777776,0.9361702127659576
2022,KHOUALKA,CITRANGE CARRIZO,10213,IMG-00034-40.jpg,48,49,46,3,2,0.9387755102040816,0.9583333333333334
2022,KHOUALKA,CITRANGE CARRIZO,10213,IMG-00035-40.jpg,37,37,36,1,1,0.972972972972973,0.972972972972973
2022,KHOUALKA,CITRANGE CARRIZO,10213,IMG-00036-40.jpg,47,50,45,5,2,0.9,0.9574468085106383
2022,KHOUALKA,CITRANGE CARRIZO,10213,IMG-00042-40.jpg,22,21,20,1,2,0.9523809523809524,0.9090909090909092
2022,KHOUALKA,CITRANGE CARRIZO,10213,IMG-00047-40.jpg,70,69,66,3,4,0.9565217391304348,0.9428571428571428
2022,KHOUALKA,CITRANGE CARRIZO,10213,IMG-00054-40.jpg,33,37,33,4,0,0.8918918918918919,1.0
2022,KHOUALKA,CITRANGE CARRIZO,10213,IMG-00055-40.jpg,93,89,87,2,6,0.9775280898876404,0.935483870967742
2022,KHOUALKA,CITRANGE CARRIZO,10213,IMG-00061-40.jpg,113,109,103,6,10,0.944954128440367,0.911504424778761
2022,KHOUALKA,CITRANGE CARRIZO,10213,IMG-00066-40.jpg,48,49,44,5,4,0.8979591836734694,0.9166666666666666
2024,KHOUALKA,CITRANGE CARRIZO,10213,IMG-12628.jpg,119,94,93,1,26,0.9893617021276596,0.7815126050420168
2024,KHOUALKA,CITRANGE CARRIZO,10213,IMG-12774.jpg,118,92,89,3,29,0.967391304347826,0.7542372881355932
2024,KHOUALKA,CITRANGE CARRIZO,10213,IMG-12780.jpg,44,37,36,1,8,0.972972972972973,0.8181818181818182
2024,KHOUALKA,CITRANGE CARRIZO,10213,IMG-12791.jpg,166,118,117,1,49,0.9915254237288136,0.7048192771084337
2024,KHOUALKA,CITRANGE CARRIZO,10213,IMG-12834.jpg,57,41,40,1,17,0.975609756097561,0.7017543859649122
2024,KHOUALKA,CITRANGE CARRIZO,10213,IMG-12945.jpg,130,107,106,1,24,0.9906542056074766,0.8153846153846154
2022,OUARGHA,MACROPHYLLA,11010,IMG-00001.jpg,40,40,39,1,1,0.975,0.975
2022,OUARGHA,MACROPHYLLA,11010,IMG-00015-41.jpg,24,24,23,1,1,0.9583333333333334,0.9583333333333334
2022,OUARGHA,MACROPHYLLA,11010,IMG-00019-41.jpg,20,20,20,0,0,1.0,1.0
2022,OUARGHA,MACROPHYLLA,11010,IMG-00024-41.jpg,21,22,21,1,0,0.9545454545454546,1.0
2022,OUARGHA,MACROPHYLLA,11020,IMG-00017-41.jpg,51,51,51,0,0,1.0,1.0
2022,OUARGHA,MACROPHYLLA,11020,IMG-00018-41.jpg,13,13,13,0,0,1.0,1.0
2022,OUARGHA,CITRANGE CARRIZO,13010,IMG-00067-41.jpg,55,54,54,0,1,1.0,0.9818181818181818
2022,OUARGHA,CITRANGE CARRIZO,13010,IMG-00086-41.jpg,49,49,48,1,1,0.979591836734694,0.979591836734694
2022,OUARGHA,CITRANGE CARRIZO,13010,IMG-00194-41.jpg,33,33,33,0,0,1.0,1.0
2022,OUARGHA,CITRANGE CARRIZO,13020,IMG-00023-41.jpg,31,31,31,0,0,1.0,1.0
2022,OUARGHA,CITRANGE CARRIZO,13020,IMG-00024-41.jpg,18,18,18,0,0,1.0,1.0
2022,OUARGHA,CITRANGE CARRIZO,13020,IMG-00039-41.jpg,4,3,3,0,1,1.0,0.75
2022,OUARGHA,CITRANGE CARRIZO,13020,IMG-00040-41.jpg,6,5,5,0,1,1.0,0.8333333333333334
2022,OUARGHA,CITRUS VOLKAMERIANA,13030,IMG-00009-41.jpg,18,18,18,0,0,1.0,1.0
2022,OUARGHA,CITRUS VOLKAMERIANA,13030,IMG-00013-41.jpg,46,46,46,0,0,1.0,1.0
2022,OUARGHA,CITRUS VOLKAMERIANA,13030,IMG-00027-41.jpg,12,12,12,0,0,1.0,1.0
2022,OUARGHA,CITRUS VOLKAMERIANA,13030,IMG-00029-41.jpg,18,18,18,0,0,1.0,1.0
2022,OUARGHA,CITRUS VOLKAMERIANA,13030,IMG-00036-41.jpg,16,15,15,0,1,1.0,0.9375
2022,OUARGHA,CITRUS VOLKAMERIANA,14010,IMG-00008-41.jpg,40,41,39,2,1,0.951219512195122,0.975
2022,OUARGHA,CITRUS VOLKAMERIANA,14010,IMG-00010-41.jpg,49,49,48,1,1,0.979591836734694,0.979591836734694
2022,OUARGHA,CITRUS VOLKAMERIANA,14010,IMG-00011-41.jpg,47,45,44,1,3,0.9777777777777776,0.9361702127659576
2022,OUARGHA,CITRUS VOLKAMERIANA,14010,IMG-00018-41.jpg,44,42,42,0,2,1.0,0.9545454545454546
2022,KHOUALKA,MACROPHYLLA,20118,IMG-00007-40.jpg,44,43,43,0,1,1.0,0.9772727272727272
2022,KHOUALKA,MACROPHYLLA,20118,IMG-00008-40.jpg,115,113,112,1,3,0.991150442477876,0.9739130434782608
2022,KHOUALKA,MACROPHYLLA,20118,IMG-00022-40.jpg,113,110,109,1,4,0.990909090909091,0.9646017699115044
2022,KHOUALKA,MACROPHYLLA,20118,IMG-00033-40.jpg,58,56,56,0,2,1.0,0.9655172413793104
2022,KHOUALKA,MACROPHYLLA,20118,IMG-00037-40.jpg,29,28,28,0,1,1.0,0.9655172413793104
2022,KHOUALKA,MACROPHYLLA,20118,IMG-00042-40.jpg,137,131,131,0,6,1.0,0.9562043795620438
2022,KHOUALKA,MACROPHYLLA,20118,IMG-00046-40.jpg,45,45,45,0,0,1.0,1.0
2022,KHOUALKA,MACROPHYLLA,20118,IMG-00050-40.jpg,48,48,48,0,0,1.0,1.0
2022,KHOUALKA,MACROPHYLLA,20118,IMG-00055-40.jpg,52,51,51,0,1,1.0,0.9807692307692308
2022,KHOUALKA,MACROPHYLLA,20118,IMG-00061-40.jpg,120,115,114,1,6,0.991304347826087,0.95
2022,KHOUALKA,MACROPHYLLA,20118,IMG-00062-40.jpg,63,59,59,0,4,1.0,0.9365079365079364
2022,KHOUALKA,MACROPHYLLA,20118,IMG-00063-40.jpg,47,47,45,2,2,0.9574468085106383,0.9574468085106383
2022,KHOUALKA,MACROPHYLLA,20118,IMG-00066-40.jpg,84,85,82,3,2,0.9647058823529412,0.9761904761904762
2024,KHOUALKA,MACROPHYLLA,20118,IMG-12691.jpg,22,16,15,1,7,0.9375,0.6818181818181818
2024,KHOUALKA,MACROPHYLLA,20118,IMG-12729.jpg,56,44,41,3,15,0.9318181818181818,0.7321428571428571
2024,KHOUALKA,MACROPHYLLA,20118,IMG-12735.jpg,88,62,62,0,26,1.0,0.7045454545454546
2024,KHOUALKA,MACROPHYLLA,20118,IMG-12748.jpg,107,77,75,2,32,0.974025974025974,0.7009345794392523
2024,KHOUALKA,MACROPHYLLA,20118,IMG-12764.jpg,111,88,88,0,23,1.0,0.7927927927927928
2024,KHOUALKA,MACROPHYLLA,20118,IMG-12808.jpg,113,79,75,4,38,0.9493670886075948,0.6637168141592921
2024,KHOUALKA,MACROPHYLLA,20118,IMG-12851.jpg,24,12,12,0,12,1.0,0.5
2022,KHOUALKA,MACROPHYLLA,20119,IMG-00005-40.jpg,106,111,101,10,5,0.90990990990991,0.9528301886792452
2022,KHOUALKA,MACROPHYLLA,20119,IMG-00008-40.jpg,142,142,135,7,7,0.9507042253521126,0.9507042253521126
2022,KHOUALKA,MACROPHYLLA,20119,IMG-00014-40.jpg,132,128,123,5,9,0.9609375,0.9318181818181818
2022,KHOUALKA,BIGARADIER,20132,IMG-00004-40.jpg,181,176,174,2,7,0.9886363636363636,0.9613259668508288
2022,KHOUALKA,BIGARADIER,20132,IMG-00025-40.jpg,91,85,84,1,7,0.9882352941176472,0.9230769230769232
2022,KHOUALKA,BIGARADIER,20132,IMG-00028-40.jpg,49,49,48,1,1,0.979591836734694,0.979591836734694
2022,KHOUALKA,BIGARADIER,20132,IMG-00035-40.jpg,103,103,103,0,0,1.0,1.0
2022,KHOUALKA,BIGARADIER,20132,IMG-00039-40.jpg,119,116,115,1,4,0.9913793103448276,0.9663865546218487
2022,KHOUALKA,BIGARADIER,20132,IMG-00046-40.jpg,156,153,152,1,4,0.9934640522875816,0.9743589743589745
2022,KHOUALKA,BIGARADIER,20132,IMG-00051-40.jpg,108,104,104,0,4,1.0,0.9629629629629628
2022,KHOUALKA,BIGARADIER,20132,IMG-00055-40.jpg,67,66,66,0,1,1.0,0.9850746268656716
2022,KHOUALKA,BIGARADIER,20132,IMG-00058-40.jpg,89,87,87,0,2,1.0,0.9775280898876404
2022,KHOUALKA,BIGARADIER,20132,IMG-00059-40.jpg,139,140,136,4,3,0.9714285714285714,0.9784172661870504
2022,KHOUALKA,BIGARADIER,20132,IMG-00060-40.jpg,57,55,55,0,2,1.0,0.9649122807017544
2022,KHOUALKA,BIGARADIER,20132,IMG-00064-40.jpg,117,117,115,2,2,0.9829059829059827,0.9829059829059827
2022,KHOUALKA,BIGARADIER,20132,IMG-00075-40.jpg,69,68,68,0,1,1.0,0.9855072463768116
2022,ONAGRI,BIGARADIER,20139,IMG-00021-39.jpg,93,89,88,1,5,0.9887640449438202,0.946236559139785
2024,KHOUALKA,CITRUS VOLKAMERIANA,20205,IMG-12040.jpg,123,94,88,6,35,0.9361702127659576,0.7154471544715447
2024,KHOUALKA,CITRUS VOLKAMERIANA,20205,IMG-12058.jpg,116,111,109,2,7,0.981981981981982,0.9396551724137931
2024,KHOUALKA,CITRUS VOLKAMERIANA,20207,IMG-11892.jpg,94,73,69,4,25,0.9452054794520548,0.7340425531914894
2024,KHOUALKA,CITRUS VOLKAMERIANA,20207,IMG-11921.jpg,264,171,169,2,95,0.9883040935672516,0.6401515151515151
2024,KHOUALKA,CITRUS VOLKAMERIANA,20207,IMG-11927.jpg,195,140,138,2,57,0.9857142857142858,0.7076923076923077
2024,KHOUALKA,CITRUS VOLKAMERIANA,20207,IMG-11961.jpg,113,85,82,3,31,0.9647058823529412,0.7256637168141593
2024,KHOUALKA,CITRUS VOLKAMERIANA,20207,IMG-11972.jpg,94,68,66,2,28,0.9705882352941176,0.7021276595744681
2024,KHOUALKA,CITRUS VOLKAMERIANA,20207,IMG-11981.jpg,81,52,51,1,30,0.9807692307692308,0.6296296296296297
2022,SAOUDA,CITRUS VOLKAMERIANA,21020,IMG-00033-45.jpg,67,73,65,8,2,0.8904109589041096,0.9701492537313432
2022,SAOUDA,CITRUS VOLKAMERIANA,21020,IMG-00087-45.jpg,21,20,17,3,4,0.85,0.8095238095238095
2022,SAOUDA,CITRUS VOLKAMERIANA,21020,IMG-00138-45.jpg,40,43,38,5,2,0.8837209302325582,0.95
2022,SAOUDA,CITRUS VOLKAMERIANA,21020,IMG-00145-45.jpg,37,39,36,3,1,0.9230769230769232,0.972972972972973
2022,SAOUDA,CITRUS VOLKAMERIANA,21020,IMG-00155-45.jpg,38,40,34,6,4,0.85,0.8947368421052632
2022,SAOUDA,CITRUS VOLKAMERIANA,21030,IMG-00521-45.jpg,31,37,29,8,2,0.7837837837837838,0.935483870967742
2022,SAOUDA,CITRUS VOLKAMERIANA,21030,IMG-00524-45.jpg,71,74,63,11,8,0.8513513513513513,0.8873239436619719
2022,SAOUDA,CITRUS VOLKAMERIANA,21030,IMG-00536-45.jpg,41,42,36,6,5,0.8571428571428571,0.8780487804878049
2022,SAOUDA,CITRUS VOLKAMERIANA,21030,IMG-00537-45.jpg,52,49,39,10,13,0.7959183673469388,0.75
2022,SAOUDA,CITRUS VOLKAMERIANA,22020,IMG-00053-45.jpg,39,37,37,0,2,1.0,0.9487179487179488
2022,SAOUDA,CITRUS VOLKAMERIANA,22020,IMG-00059-45.jpg,46,48,46,2,0,0.9583333333333334,1.0
2022,SAOUDA,CITRUS VOLKAMERIANA,22020,IMG-00060-45.jpg,48,50,48,2,0,0.96,1.0
2022,SAOUDA,CITRUS VOLKAMERIANA,22020,IMG-00062-45.jpg,50,49,49,0,1,1.0,0.98
2022,SAOUDA,CITRUS VOLKAMERIANA,22030,IMG-00062-45.jpg,62,62,62,0,0,1.0,1.0
2022,SAOUDA,CITRUS VOLKAMERIANA,22030,IMG-00063-45.jpg,83,90,83,7,0,0.9222222222222224,1.0
2022,SAOUDA,CITRUS VOLKAMERIANA,22030,IMG-00065-45.jpg,58,58,58,0,0,1.0,1.0
2022,SAOUDA,CITRUS VOLKAMERIANA,22030,IMG-00068-45.jpg,66,63,63,0,3,1.0,0.9545454545454546
2022,SAOUDA,CITRUS VOLKAMERIANA,23020,IMG-00024-45.jpg,47,48,46,2,1,0.9583333333333334,0.9787234042553192
2022,SAOUDA,CITRUS VOLKAMERIANA,23020,IMG-00032-45.jpg,33,33,33,0,0,1.0,1.0
2022,SAOUDA,CITRUS VOLKAMERIANA,23020,IMG-00074-45.jpg,28,31,28,3,0,0.9032258064516128,1.0
2022,SAOUDA,CITRUS VOLKAMERIANA,23020,IMG-00079-45.jpg,28,29,28,1,0,0.9655172413793104,1.0
2022,SAOUDA,CITRUS VOLKAMERIANA,23030,IMG-00014-45.jpg,25,24,24,0,1,1.0,0.96
2022,SAOUDA,CITRUS VOLKAMERIANA,23030,IMG-00034-45.jpg,43,45,42,3,1,0.9333333333333332,0.9767441860465116
2022,SAOUDA,CITRUS VOLKAMERIANA,23030,IMG-00069-45.jpg,28,31,27,4,1,0.8709677419354839,0.9642857142857144
2022,SAOUDA,CITRUS VOLKAMERIANA,23030,IMG-00079-45.jpg,50,50,48,2,2,0.96,0.96
2022,SAOUDA,CITRANGE CARRIZO,24010,IMG-00097-45.jpg,59,58,58,0,1,1.0,0.9830508474576272
2022,SAOUDA,CITRANGE CARRIZO,24010,IMG-00101-45.jpg,27,28,27,1,0,0.9642857142857144,1.0
2022,SAOUDA,CITRANGE CARRIZO,24010,IMG-00111-45.jpg,54,51,51,0,3,1.0,0.9444444444444444
2022,SAOUDA,CITRANGE CARRIZO,24010,IMG-00112-45.jpg,40,37,36,1,4,0.972972972972973,0.9
2022,SAOUDA,CITRANGE CARRIZO,25010,IMG-00006-45.jpg,55,52,51,1,4,0.9807692307692308,0.9272727272727272
2022,SAOUDA,CITRANGE CARRIZO,25010,IMG-00007-45.jpg,77,76,75,1,2,0.986842105263158,0.974025974025974
2022,SAOUDA,CITRANGE CARRIZO,25010,IMG-00010-45.jpg,53,53,53,0,0,1.0,1.0
2022,SAOUDA,CITRANGE CARRIZO,25010,IMG-00011-45.jpg,26,26,26,0,0,1.0,1.0
2022,SAOUDA,CITRANGE CARRIZO,26010,IMG-00008-45.jpg,39,37,36,1,3,0.972972972972973,0.9230769230769232
2022,SAOUDA,CITRANGE CARRIZO,26010,IMG-00013-45.jpg,36,33,31,2,5,0.9393939393939394,0.8611111111111112
2022,SAOUDA,CITRANGE CARRIZO,26010,IMG-00018-45.jpg,43,40,39,1,4,0.975,0.9069767441860463
2022,SAOUDA,CITRANGE CARRIZO,26010,IMG-00020-45.jpg,44,41,40,1,4,0.975609756097561,0.9090909090909092
2022,KHOUALKA,CITRANGE CARRIZO,30138,IMG-00002-40.jpg,39,35,35,0,4,1.0,0.8974358974358975
2022,KHOUALKA,CITRANGE CARRIZO,30138,IMG-00003-40.jpg,59,56,56,0,3,1.0,0.9491525423728814
2022,KHOUALKA,CITRANGE CARRIZO,30138,IMG-00005-40.jpg,58,57,57,0,1,1.0,0.9827586206896552
2022,KHOUALKA,CITRANGE CARRIZO,30138,IMG-00008-40.jpg,32,29,29,0,3,1.0,0.90625
2022,KHOUALKA,CITRANGE CARRIZO,30138,IMG-00011-40.jpg,26,26,26,0,0,1.0,1.0
2022,KHOUALKA,CITRANGE CARRIZO,30138,IMG-00019-40.jpg,2,2,2,0,0,1.0,1.0
2022,KHOUALKA,CITRANGE CARRIZO,30138,IMG-00037-40.jpg,30,30,30,0,0,1.0,1.0
2022,KHOUALKA,CITRANGE CARRIZO,30138,IMG-00040-40.jpg,41,41,40,1,1,0.975609756097561,0.975609756097561
2022,KHOUALKA,CITRANGE CARRIZO,30138,IMG-00043-40.jpg,28,29,28,1,0,0.9655172413793104,1.0
2022,KHOUALKA,CITRANGE CARRIZO,30138,IMG-00044-40.jpg,99,98,98,0,1,1.0,0.98989898989899
2022,KHOUALKA,CITRANGE CARRIZO,30138,IMG-00048-40.jpg,37,36,35,1,2,0.9722222222222222,0.945945945945946
2022,KHOUALKA,CITRANGE CARRIZO,30138,IMG-00057-40.jpg,73,74,71,3,2,0.9594594594594594,0.9726027397260274
2022,KHOUALKA,CITRANGE CARRIZO,30138,IMG-00063-40.jpg,89,85,85,0,4,1.0,0.9550561797752808
2022,ONAGRI,CITRUS VOLKAMERIANA,30145,IMG-00018-39.jpg,219,221,204,17,15,0.9230769230769232,0.9315068493150684
2022,ONAGRI,CITRUS VOLKAMERIANA,30145,IMG-00043-39.jpg,64,68,60,8,4,0.8823529411764706,0.9375
2022,ONAGRI,CITRUS VOLKAMERIANA,30146,IMG-00008-39.jpg,262,265,249,16,13,0.939622641509434,0.950381679389313
2022,ONAGRI,CITRUS VOLKAMERIANA,30146,IMG-00045-39.jpg,190,195,173,22,17,0.8871794871794871,0.9105263157894736
2022,ONAGRI,CITRUS VOLKAMERIANA,30147,IMG-00002-39.jpg,269,294,262,32,7,0.891156462585034,0.9739776951672864
2022,ONAGRI,CITRUS VOLKAMERIANA,30147,IMG-00008-39.jpg,172,172,160,12,12,0.9302325581395348,0.9302325581395348
2022,ONAGRI,CITRUS VOLKAMERIANA,30148,IMG-00016-40.jpg,88,82,80,2,8,0.975609756097561,0.9090909090909092
2022,ONAGRI,CITRUS VOLKAMERIANA,30148,IMG-00047-40.jpg,34,23,23,0,11,1.0,0.6764705882352942
2022,ONAGRI,CITRUS VOLKAMERIANA,30149,IMG-00018-39.jpg,151,155,143,12,8,0.9225806451612903,0.9470198675496688
2022,ONAGRI,CITRUS VOLKAMERIANA,30149,IMG-00027-39.jpg,226,207,202,5,24,0.9758454106280192,0.8938053097345132
2022,ONAGRI,CITRUS VOLKAMERIANA,30151,IMG-00012-39.jpg,185,178,165,13,20,0.9269662921348316,0.8918918918918919
2022,ONAGRI,CITRUS VOLKAMERIANA,30151,IMG-00033-39.jpg,214,211,196,15,18,0.9289099526066352,0.9158878504672896
2024,ONAGRI,CITRUS VOLKAMERIANA,30151,IMG-21881.jpg,73,48,47,1,26,0.9791666666666666,0.6438356164383562
2024,ONAGRI,CITRUS VOLKAMERIANA,30151,IMG-21935.jpg,179,68,68,0,111,1.0,0.3798882681564246
2024,ONAGRI,CITRUS VOLKAMERIANA,30151,IMG-21936.jpg,93,53,53,0,40,1.0,0.5698924731182796
2022,ONAGRI,CITRUS VOLKAMERIANA,30152,IMG-00016-39.jpg,39,37,35,2,4,0.945945945945946,0.8974358974358975
2022,ONAGRI,CITRUS VOLKAMERIANA,30152,IMG-00019-39.jpg,139,139,128,11,11,0.920863309352518,0.920863309352518
2022,ONAGRI,CITRUS VOLKAMERIANA,30153,IMG-00001.jpg,157,141,136,5,21,0.9645390070921984,0.8662420382165605
2022,ONAGRI,CITRUS VOLKAMERIANA,30153,IMG-00007-39.jpg,127,114,108,6,19,0.9473684210526316,0.8503937007874016
2022,ONAGRI,CITRUS VOLKAMERIANA,30153,IMG-00013-39.jpg,159,135,132,3,27,0.9777777777777776,0.8301886792452831
2022,ONAGRI,CITRUS VOLKAMERIANA,30153,IMG-00040-39.jpg,153,145,142,3,11,0.9793103448275862,0.9281045751633988
2022,ONAGRI,CITRUS VOLKAMERIANA,30154,IMG-00017-39.jpg,160,149,146,3,14,0.9798657718120806,0.9125
2022,ONAGRI,CITRUS VOLKAMERIANA,30154,IMG-00027-39.jpg,220,211,207,4,13,0.981042654028436,0.9409090909090908
2022,ONAGRI,CITRUS VOLKAMERIANA,30154,IMG-00033-39.jpg,51,50,49,1,2,0.98,0.9607843137254902
2022,ONAGRI,CITRUS VOLKAMERIANA,30154,IMG-00036-39.jpg,137,128,120,8,17,0.9375,0.8759124087591241
2022,ONAGRI,CITRUS VOLKAMERIANA,30154,IMG-00038-39.jpg,242,240,230,10,12,0.9583333333333334,0.950413223140496
2022,ONAGRI,CITRUS VOLKAMERIANA,30154,IMG-00041-39.jpg,272,252,237,15,35,0.9404761904761904,0.8713235294117647
2022,ONAGRI,CITRUS VOLKAMERIANA,30154,IMG-00044-39.jpg,141,140,133,7,8,0.95,0.9432624113475178
2022,ONAGRI,BIGARADIER,30155,IMG-00002-39.jpg,139,135,131,4,8,0.9703703703703704,0.9424460431654677
2022,ONAGRI,BIGARADIER,30155,IMG-00003-39.jpg,115,105,104,1,11,0.9904761904761904,0.9043478260869564
2022,ONAGRI,BIGARADIER,30155,IMG-00006-39.jpg,44,40,39,1,5,0.975,0.8863636363636364
2022,ONAGRI,BIGARADIER,30155,IMG-00011-39.jpg,100,90,89,1,11,0.9888888888888888,0.89
2022,ONAGRI,BIGARADIER,30155,IMG-00019-39.jpg,142,124,122,2,20,0.9838709677419356,0.8591549295774648
2022,ONAGRI,BIGARADIER,30155,IMG-00026-39.jpg,124,115,112,3,12,0.9739130434782608,0.9032258064516128
2022,ONAGRI,BIGARADIER,30155,IMG-00032-39.jpg,81,77,75,2,6,0.974025974025974,0.925925925925926
2022,ONAGRI,BIGARADIER,30155,IMG-00039-39.jpg,19,16,14,2,5,0.875,0.7368421052631579
2022,ONAGRI,BIGARADIER,30155,IMG-00043-39.jpg,130,127,122,5,8,0.9606299212598424,0.9384615384615383
2022,ONAGRI,CITRUS VOLKAMERIANA,30157,IMG-00003-39.jpg,227,214,209,5,18,0.9766355140186916,0.920704845814978
2022,ONAGRI,CITRUS VOLKAMERIANA,30157,IMG-00012-39.jpg,283,282,262,20,21,0.9290780141843972,0.9257950530035336
2022,ONAGRI,CITRUS VOLKAMERIANA,30157,IMG-00032-39.jpg,64,68,62,6,2,0.9117647058823528,0.96875
2022,ONAGRI,CITRUS VOLKAMERIANA,30157,IMG-00035-39.jpg,159,147,144,3,15,0.979591836734694,0.9056603773584906
2022,KHOUALKA,CITRUS VOLKAMERIANA,30235,IMG-00001.jpg,93,93,91,2,2,0.978494623655914,0.978494623655914
2022,KHOUALKA,CITRUS VOLKAMERIANA,30235,IMG-00003-40.jpg,37,37,37,0,0,1.0,1.0
2022,KHOUALKA,CITRUS VOLKAMERIANA,30235,IMG-00009-40.jpg,103,103,102,1,1,0.9902912621359224,0.9902912621359224
2022,KHOUALKA,CITRUS VOLKAMERIANA,30235,IMG-00013-40.jpg,90,90,89,1,1,0.9888888888888888,0.9888888888888888
2022,KHOUALKA,CITRUS VOLKAMERIANA,30235,IMG-00026-40.jpg,122,126,121,5,1,0.9603174603174603,0.9918032786885246
2022,KHOUALKA,CITRUS VOLKAMERIANA,30235,IMG-00047-40.jpg,47,49,46,3,1,0.9387755102040816,0.9787234042553192
2022,KHOUALKA,CITRUS VOLKAMERIANA,30235,IMG-00048-40.jpg,90,90,89,1,1,0.9888888888888888,0.9888888888888888
2022,KHOUALKA,CITRUS VOLKAMERIANA,30235,IMG-00049-40.jpg,44,46,43,3,1,0.9347826086956522,0.9772727272727272
2022,KHOUALKA,CITRUS VOLKAMERIANA,30235,IMG-00050-40.jpg,84,79,79,0,5,1.0,0.9404761904761904
2022,KHOUALKA,CITRUS VOLKAMERIANA,30235,IMG-00052-40.jpg,98,95,95,0,3,1.0,0.9693877551020408
2022,KHOUALKA,CITRUS VOLKAMERIANA,30235,IMG-00057-40.jpg,80,78,78,0,2,1.0,0.975
2022,KHOUALKA,CITRUS VOLKAMERIANA,30235,IMG-00064-40.jpg,38,37,36,1,2,0.972972972972973,0.9473684210526316
2022,KHOUALKA,CITRUS VOLKAMERIANA,30235,IMG-00067-40.jpg,107,100,99,1,8,0.99,0.9252336448598132
2022,KHOUALKA,CITRUS VOLKAMERIANA,30235,IMG-00069-40.jpg,34,34,34,0,0,1.0,1.0
2022,KHOUALKA,CITRUS VOLKAMERIANA,30235,IMG-00075-40.jpg,95,94,94,0,1,1.0,0.9894736842105264
2022,KHOUALKA,BIGARADIER,40141,IMG-00006-40.jpg,7,8,5,3,2,0.625,0.7142857142857143
2022,KHOUALKA,BIGARADIER,40141,IMG-00007-40.jpg,20,12,11,1,9,0.9166666666666666,0.55
2022,KHOUALKA,BIGARADIER,40141,IMG-00008-40.jpg,15,11,10,1,5,0.9090909090909092,0.6666666666666666
2022,ONAGRI,CITRANGE C35,40166,IMG-00009-39.jpg,38,41,37,4,1,0.902439024390244,0.9736842105263158
2022,ONAGRI,CITRANGE C35,40166,IMG-00011-39.jpg,173,168,158,10,15,0.9404761904761904,0.9132947976878611
2022,ONAGRI,CITRANGE C35,40166,IMG-00014-39.jpg,179,178,175,3,4,0.9831460674157304,0.9776536312849162
2022,ONAGRI,CITRANGE C35,40166,IMG-00015-39.jpg,122,117,115,2,7,0.9829059829059827,0.9426229508196722
2022,ONAGRI,CITRANGE C35,40166,IMG-00041-39.jpg,102,97,94,3,8,0.9690721649484536,0.9215686274509804
2022,ONAGRI,CITRANGE C35,40167,IMG-00019-39.jpg,197,201,194,7,3,0.965174129353234,0.9847715736040608
2022,ONAGRI,CITRANGE C35,40167,IMG-00030-39.jpg,126,114,111,3,15,0.9736842105263158,0.8809523809523809
2022,ONAGRI,CITRANGE C35,40167,IMG-00039-39.jpg,217,190,185,5,32,0.9736842105263158,0.8525345622119815
2022,ONAGRI,CITRANGE C35,40171,IMG-00008-39.jpg,109,101,101,0,8,1.0,0.926605504587156
2022,ONAGRI,CITRANGE C35,40171,IMG-00037-39.jpg,94,89,84,5,10,0.9438202247191012,0.8936170212765957
2022,ONAGRI,CITRANGE C35,40171,IMG-00040-39.jpg,149,140,136,4,13,0.9714285714285714,0.912751677852349
2022,ONAGRI,CITRANGE C35,40172,IMG-00012-39.jpg,89,80,78,2,11,0.975,0.8764044943820225
2022,ONAGRI,CITRANGE C35,40172,IMG-00025-39.jpg,109,98,96,2,13,0.979591836734694,0.8807339449541285
2022,ONAGRI,CITRANGE C35,40172,IMG-00027-39.jpg,103,89,89,0,14,1.0,0.8640776699029126
2022,ONAGRI,CITRANGE C35,40173,IMG-00004-39.jpg,133,116,114,2,19,0.9827586206896552,0.8571428571428571
2022,ONAGRI,CITRANGE C35,40173,IMG-00008-39.jpg,57,44,44,0,13,1.0,0.7719298245614035
2022,ONAGRI,CITRANGE C35,40173,IMG-00010-39.jpg,53,56,49,7,4,0.875,0.9245283018867924
2022,ONAGRI,CITRANGE C35,40175,IMG-00005-39.jpg,95,84,79,5,16,0.9404761904761904,0.8315789473684211
2022,ONAGRI,CITRANGE C35,40175,IMG-00006-39.jpg,64,67,61,6,3,0.9104477611940298,0.953125
2022,ONAGRI,CITRANGE C35,40176,IMG-00004-39.jpg,79,82,73,9,6,0.8902439024390244,0.9240506329113924
2022,ONAGRI,CITRANGE C35,40176,IMG-00012-39.jpg,105,110,99,11,6,0.9,0.9428571428571428
2022,ONAGRI,CITRANGE C35,40176,IMG-00014-39.jpg,91,93,85,8,6,0.913978494623656,0.934065934065934
2022,ONAGRI,CITRUMELO SACCATON,40177,IMG-00012-39.jpg,89,95,87,8,2,0.9157894736842104,0.9775280898876404
2022,ONAGRI,CITRUMELO SACCATON,40177,IMG-00015-39.jpg,213,219,208,11,5,0.9497716894977168,0.976525821596244
2022,ONAGRI,CITRUMELO SACCATON,40177,IMG-00037-39.jpg,95,100,89,11,6,0.89,0.936842105263158
2022,ONAGRI,CITRANGE C35,40178,IMG-00013-39.jpg,76,78,75,3,1,0.9615384615384616,0.986842105263158
2022,ONAGRI,CITRANGE C35,40178,IMG-00027-39.jpg,56,56,52,4,4,0.9285714285714286,0.9285714285714286
2022,ONAGRI,CITRANGE C35,40178,IMG-00031-39.jpg,30,35,30,5,0,0.8571428571428571,1.0
2022,ONAGRI,CITRANGE C35,40178,IMG-00032-39.jpg,27,29,27,2,0,0.9310344827586208,1.0
2022,ONAGRI,CITRANGE C35,40178,IMG-00033-39.jpg,34,35,33,2,1,0.9428571428571428,0.9705882352941176
2022,ONAGRI,CITRANGE C35,40179,IMG-00001.jpg,83,86,79,7,4,0.9186046511627908,0.9518072289156626
2022,ONAGRI,CITRANGE C35,40179,IMG-00010-39.jpg,161,166,155,11,6,0.933734939759036,0.9627329192546584
2022,ONAGRI,CITRANGE C35,40179,IMG-00011-39.jpg,102,103,96,7,6,0.9320388349514565,0.9411764705882352
2022,ONAGRI,CITRANGE C35,40179,IMG-00018-39.jpg,9,9,8,1,1,0.8888888888888888,0.8888888888888888
2022,ONAGRI,CITRUMELO SACCATON,40182,IMG-00004-39.jpg,35,39,35,4,0,0.8974358974358975,1.0
2022,ONAGRI,CITRUMELO SACCATON,40182,IMG-00010-39.jpg,52,53,50,3,2,0.9433962264150944,0.9615384615384616
2022,ONAGRI,CITRUMELO SACCATON,40182,IMG-00015-39.jpg,85,80,75,5,10,0.9375,0.8823529411764706
2022,ONAGRI,CITRUMELO SACCATON,40183,IMG-00005-39.jpg,68,66,65,1,3,0.9848484848484848,0.9558823529411764
2022,ONAGRI,CITRUMELO SACCATON,40183,IMG-00009-39.jpg,57,60,56,4,1,0.9333333333333332,0.9824561403508772
2022,ONAGRI,CITRUMELO SACCATON,40183,IMG-00010-39.jpg,48,50,46,4,2,0.92,0.9583333333333334
2024,KHOUALKA,CITRUS VOLKAMERIANA,50152,IMG-17274.jpg,170,119,118,1,52,0.9915966386554622,0.6941176470588235
2024,KHOUALKA,CITRUS VOLKAMERIANA,50152,IMG-17306.jpg,105,78,78,0,27,1.0,0.7428571428571429
2024,KHOUALKA,CITRUS VOLKAMERIANA,50152,IMG-17330.jpg,41,31,29,2,12,0.935483870967742,0.7073170731707317
2024,KHOUALKA,CITRUS VOLKAMERIANA,50152,IMG-17335.jpg,44,36,35,1,9,0.9722222222222222,0.7954545454545454
2024,KHOUALKA,CITRUS VOLKAMERIANA,50152,IMG-17340.jpg,108,68,67,1,41,0.9852941176470588,0.6203703703703703
2024,KHOUALKA,CITRUS VOLKAMERIANA,50152,IMG-17356.jpg,60,45,43,2,17,0.9555555555555556,0.7166666666666667
2024,KHOUALKA,CITRUS VOLKAMERIANA,50152,IMG-17384.jpg,53,29,29,0,24,1.0,0.5471698113207547
2024,KHOUALKA,CITRUS VOLKAMERIANA,50154,IMG-17440.jpg,76,65,64,1,12,0.9846153846153848,0.8421052631578947
2024,KHOUALKA,CITRUS VOLKAMERIANA,50154,IMG-17490.jpg,107,74,73,1,34,0.9864864864864864,0.6822429906542056
2024,KHOUALKA,CITRUS VOLKAMERIANA,50154,IMG-17543.jpg,100,65,64,1,36,0.9846153846153848,0.64
2024,KHOUALKA,CITRUS VOLKAMERIANA,50154,IMG-17545.jpg,94,64,63,1,31,0.984375,0.6702127659574468
2024,KHOUALKA,CITRUS VOLKAMERIANA,50154,IMG-17562.jpg,129,91,91,0,38,1.0,0.7054263565891473
2024,KHOUALKA,CITRUS VOLKAMERIANA,50154,IMG-17576.jpg,121,88,88,0,33,1.0,0.7272727272727273
2024,KHOUALKA,CITRUS VOLKAMERIANA,50154,IMG-17585.jpg,171,112,108,4,63,0.9642857142857144,0.631578947368421
2024,KHOUALKA,CITRUS VOLKAMERIANA,50168,IMG-13980.jpg,174,118,117,1,57,0.9915254237288136,0.6724137931034483
2024,KHOUALKA,CITRUS VOLKAMERIANA,50168,IMG-15749.jpg,147,111,110,1,37,0.990990990990991,0.7482993197278912
2024,KHOUALKA,CITRUS VOLKAMERIANA,50168,IMG-15758.jpg,163,113,111,2,52,0.9823008849557522,0.6809815950920245
2024,KHOUALKA,CITRUS VOLKAMERIANA,50168,IMG-15981.jpg,210,145,144,1,66,0.993103448275862,0.6857142857142857
2024,KHOUALKA,CITRUS VOLKAMERIANA,50168,IMG-15983.jpg,120,82,81,1,39,0.9878048780487804,0.675
2024,KHOUALKA,CITRUS VOLKAMERIANA,50176,IMG-16025.jpg,81,58,58,0,23,1.0,0.7160493827160493
2024,KHOUALKA,CITRUS VOLKAMERIANA,50176,IMG-16051.jpg,85,59,59,0,26,1.0,0.6941176470588235
2024,KHOUALKA,CITRUS VOLKAMERIANA,50176,IMG-16079.jpg,161,118,116,2,45,0.9830508474576272,0.7204968944099379
2024,KHOUALKA,CITRUS VOLKAMERIANA,50176,IMG-16095.jpg,101,59,58,1,43,0.9830508474576272,0.5742574257425742
2024,KHOUALKA,CITRUS VOLKAMERIANA,50176,IMG-16105.jpg,43,29,28,1,15,0.9655172413793104,0.6511627906976745
2022,ONAGRI,CITRUMELO SACCATON,50193,IMG-00007-39.jpg,218,226,214,12,4,0.9469026548672568,0.981651376146789
2022,ONAGRI,CITRUMELO SACCATON,50193,IMG-00016-39.jpg,64,72,62,10,2,0.8611111111111112,0.96875
2022,ONAGRI,CITRUMELO SACCATON,50193,IMG-00018-39.jpg,115,115,109,6,6,0.9478260869565216,0.9478260869565216
2022,ONAGRI,CITRUMELO SACCATON,50193,IMG-00021-39.jpg,62,60,57,3,5,0.95,0.9193548387096774
2022,ONAGRI,CITRUMELO SACCATON,50193,IMG-00023-39.jpg,113,122,112,10,1,0.918032786885246,0.991150442477876
2022,ONAGRI,CITRUMELO SACCATON,50194,IMG-00032-39.jpg,162,153,142,11,20,0.9281045751633988,0.8765432098765432
2022,ONAGRI,CITRUMELO SACCATON,50194,IMG-00034-39.jpg,105,106,101,5,4,0.9528301886792452,0.961904761904762
2022,ONAGRI,CITRUMELO SACCATON,50194,IMG-00036-39.jpg,161,160,150,10,11,0.9375,0.9316770186335404
2022,ONAGRI,CITRUMELO SACCATON,50194,IMG-00038-39.jpg,100,104,93,11,7,0.8942307692307693,0.93
2022,ONAGRI,CITRUMELO SACCATON,50194,IMG-00039-39.jpg,65,65,64,1,1,0.9846153846153848,0.9846153846153848
2022,ONAGRI,CITRUMELO SACCATON,50194,IMG-00041-39.jpg,153,150,143,7,10,0.9533333333333334,0.934640522875817
2022,ONAGRI,CITRUMELO SACCATON,50194,IMG-00051-39.jpg,137,136,129,7,8,0.9485294117647058,0.9416058394160584
2022,ONAGRI,CITRUMELO SACCATON,50194,IMG-00054-39.jpg,111,111,103,8,8,0.927927927927928,0.927927927927928
2022,ONAGRI,CITRUMELO SACCATON,51091,IMG-00015-39.jpg,85,96,84,12,1,0.875,0.9882352941176472
2022,ONAGRI,CITRUMELO SACCATON,51091,IMG-00016-39.jpg,170,176,169,7,1,0.9602272727272728,0.9941176470588236
2022,ONAGRI,CITRUMELO SACCATON,51091,IMG-00018-39.jpg,185,192,178,14,7,0.9270833333333334,0.9621621621621622
2022,ONAGRI,CITRUMELO SACCATON,51091,IMG-00022-39.jpg,135,143,131,12,4,0.916083916083916,0.9703703703703704
2022,ONAGRI,CITRUMELO SACCATON,51091,IMG-00023-39.jpg,140,135,126,9,14,0.9333333333333332,0.9
2022,ONAGRI,CITRUMELO SACCATON,51091,IMG-00026-39.jpg,149,148,139,9,10,0.9391891891891893,0.9328859060402684
2022,ONAGRI,CITRUMELO SACCATON,51091,IMG-00044-39.jpg,168,177,166,11,2,0.9378531073446328,0.988095238095238
2022,ONAGRI,CITRUMELO SACCATON,51095,IMG-00004-39.jpg,201,220,197,23,4,0.8954545454545455,0.9800995024875622
2022,ONAGRI,CITRUMELO SACCATON,51095,IMG-00013-39.jpg,154,149,144,5,10,0.9664429530201344,0.935064935064935
2022,ONAGRI,CITRUMELO SACCATON,51095,IMG-00014-39.jpg,140,142,132,10,8,0.9295774647887324,0.9428571428571428
2022,ONAGRI,CITRUMELO SACCATON,51095,IMG-00015-39.jpg,196,188,186,2,10,0.9893617021276596,0.9489795918367347
2022,ONAGRI,CITRUMELO SACCATON,51095,IMG-00024-39.jpg,234,230,220,10,14,0.9565217391304348,0.9401709401709402
2022,ONAGRI,CITRUMELO SACCATON,51095,IMG-00025-39.jpg,198,202,189,13,9,0.9356435643564356,0.9545454545454546
2022,ONAGRI,CITRUMELO SACCATON,51096,IMG-00009-39.jpg,219,212,202,10,17,0.9528301886792452,0.9223744292237442
2022,ONAGRI,CITRUMELO SACCATON,51096,IMG-00011-39.jpg,145,161,141,20,4,0.8757763975155279,0.9724137931034482
2022,ONAGRI,CITRUMELO SACCATON,51096,IMG-00012-39.jpg,114,107,103,4,11,0.9626168224299064,0.9035087719298246
2022,ONAGRI,CITRUMELO SACCATON,51096,IMG-00055-39.jpg,217,210,201,9,16,0.9571428571428572,0.9262672811059908
2022,ONAGRI,MC PONSIRUCE TRIFOLIATA,51097,IMG-00025-39.jpg,121,114,108,6,13,0.9473684210526316,0.8925619834710744
2022,ONAGRI,MC PONSIRUCE TRIFOLIATA,51097,IMG-00029-39.jpg,106,102,98,4,8,0.9607843137254902,0.9245283018867924
2022,ONAGRI,MC PONSIRUCE TRIFOLIATA,51097,IMG-00044-39.jpg,182,178,167,11,15,0.9382022471910112,0.9175824175824177
2022,ONAGRI,MC PONSIRUCE TRIFOLIATA,51098,IMG-00003-39.jpg,65,69,62,7,3,0.8985507246376812,0.953846153846154
2022,ONAGRI,MC PONSIRUCE TRIFOLIATA,51098,IMG-00010-39.jpg,184,186,173,13,11,0.9301075268817204,0.9402173913043478
2022,ONAGRI,MC PONSIRUCE TRIFOLIATA,51098,IMG-00015-39.jpg,162,162,156,6,6,0.9629629629629628,0.9629629629629628
2022,ONAGRI,MC PONSIRUCE TRIFOLIATA,51099,IMG-00012-39.jpg,133,128,121,7,12,0.9453125,0.9097744360902256
2024,ONAGRI,MC PONSIRUCE TRIFOLIATA,51101,IMG-12118.jpg,177,118,118,0,59,1.0,0.6666666666666666
2024,ONAGRI,MC PONSIRUCE TRIFOLIATA,51101,IMG-14223.jpg,153,105,105,0,48,1.0,0.6862745098039216
2024,ONAGRI,MC PONSIRUCE TRIFOLIATA,51101,IMG-14226.jpg,151,114,113,1,38,0.9912280701754386,0.7483443708609272
2024,ONAGRI,MC PONSIRUCE TRIFOLIATA,51101,IMG-14255.jpg,189,139,137,2,52,0.9856115107913668,0.7248677248677249
2024,ONAGRI,MC PONSIRUCE TRIFOLIATA,51101,IMG-14281.jpg,150,108,108,0,42,1.0,0.72
2022,ONAGRI,CITRUS VOLKAMERIANA,101020,IMG-00001.jpg,6,5,5,0,1,1.0,0.8333333333333334
2022,ONAGRI,CITRUS VOLKAMERIANA,101020,IMG-00004-44.jpg,53,38,38,0,15,1.0,0.7169811320754716
2022,ONAGRI,CITRUS VOLKAMERIANA,101030,IMG-00003-44.jpg,29,25,24,1,5,0.96,0.8275862068965517
2022,ONAGRI,CITRUS VOLKAMERIANA,101030,IMG-00004-44.jpg,110,86,86,0,24,1.0,0.7818181818181819
2022,ONAGRI,CITRUS VOLKAMERIANA,101030,IMG-00005-44.jpg,134,103,100,3,34,0.970873786407767,0.746268656716418
2022,ONAGRI,CITRUS VOLKAMERIANA,101030,IMG-00017-44.jpg,79,49,48,1,31,0.979591836734694,0.6075949367088608
2022,ONAGRI,CITRUS VOLKAMERIANA,101040,IMG-00005-44.jpg,172,123,121,2,51,0.983739837398374,0.7034883720930233
2022,ONAGRI,CITRUS VOLKAMERIANA,101040,IMG-00009-44.jpg,131,96,94,2,37,0.9791666666666666,0.7175572519083969
2022,ONAGRI,CITRUS VOLKAMERIANA,101040,IMG-00011-44.jpg,64,45,44,1,20,0.9777777777777776,0.6875
2022,ONAGRI,CITRUS VOLKAMERIANA,101040,IMG-00012-44.jpg,139,84,84,0,55,1.0,0.60431654676259
2022,ONAGRI,CITRUS VOLKAMERIANA,101050,IMG-00002-44.jpg,95,66,64,2,31,0.9696969696969696,0.6736842105263158
2022,ONAGRI,CITRUS VOLKAMERIANA,101050,IMG-00005-44.jpg,59,43,42,1,17,0.9767441860465116,0.711864406779661
2022,ONAGRI,CITRUS VOLKAMERIANA,101050,IMG-00011-44.jpg,46,21,21,0,25,1.0,0.4565217391304348
2022,ONAGRI,CITRUS VOLKAMERIANA,101050,IMG-00024-44.jpg,40,26,26,0,14,1.0,0.65
2022,ONAGRI,CITRUS VOLKAMERIANA,101080,IMG-00005-44.jpg,42,27,25,2,17,0.925925925925926,0.5952380952380952
2022,ONAGRI,CITRUS VOLKAMERIANA,101080,IMG-00006-44.jpg,79,50,50,0,29,1.0,0.6329113924050633
2022,ONAGRI,CITRUS VOLKAMERIANA,101080,IMG-00023-44.jpg,7,5,5,0,2,1.0,0.7142857142857143
2022,ONAGRI,CITRUS VOLKAMERIANA,101080,IMG-00024-44.jpg,27,17,17,0,10,1.0,0.6296296296296297
2022,ONAGRI,CITRUS VOLKAMERIANA,101090,IMG-00003-44.jpg,66,53,52,1,14,0.981132075471698,0.7878787878787878
2022,ONAGRI,CITRUS VOLKAMERIANA,101090,IMG-00006-44.jpg,41,26,25,1,16,0.9615384615384616,0.6097560975609756
2022,ONAGRI,CITRUS VOLKAMERIANA,101090,IMG-00019-44.jpg,35,27,27,0,8,1.0,0.7714285714285715
2022,ONAGRI,CITRUS VOLKAMERIANA,101090,IMG-00020-44.jpg,42,31,31,0,11,1.0,0.7380952380952381
2022,KHOUALKA,CITRANGE CARRIZO,102130,IMG-00001.jpg,5,2,2,0,3,1.0,0.4
2022,KHOUALKA,CITRANGE CARRIZO,102130,IMG-00004-43.jpg,24,7,7,0,17,1.0,0.2916666666666667
2022,KHOUALKA,CITRANGE CARRIZO,102130,IMG-00019-43.jpg,33,21,21,0,12,1.0,0.6363636363636364
2022,KHOUALKA,CITRANGE CARRIZO,102130,IMG-00020-43.jpg,18,10,9,1,9,0.9,0.5
2022,KHOUALKA,MACROPHYLLA,201180,IMG-00007-43.jpg,38,28,26,2,12,0.9285714285714286,0.6842105263157895
2022,KHOUALKA,MACROPHYLLA,201180,IMG-00011-43.jpg,64,29,29,0,35,1.0,0.453125
2022,KHOUALKA,MACROPHYLLA,201180,IMG-00019-43.jpg,64,36,36,0,28,1.0,0.5625
2022,KHOUALKA,MACROPHYLLA,201180,IMG-00020-43.jpg,43,23,23,0,20,1.0,0.5348837209302325
2022,KHOUALKA,MACROPHYLLA,201190,IMG-00004-43.jpg,101,41,41,0,60,1.0,0.405940594059406
2022,KHOUALKA,MACROPHYLLA,201190,IMG-00010-43.jpg,90,34,34,0,56,1.0,0.3777777777777778
2022,KHOUALKA,MACROPHYLLA,201190,IMG-00011-43.jpg,134,43,43,0,91,1.0,0.3208955223880597
2022,KHOUALKA,MACROPHYLLA,201190,IMG-00020-43.jpg,95,40,40,0,55,1.0,0.4210526315789473
2022,KHOUALKA,CITRUS VOLKAMERIANA,201210,IMG-00011-43.jpg,103,58,58,0,45,1.0,0.5631067961165048
2022,KHOUALKA,CITRUS VOLKAMERIANA,201210,IMG-00012-43.jpg,42,21,21,0,21,1.0,0.5
2022,KHOUALKA,CITRUS VOLKAMERIANA,201210,IMG-00015-43.jpg,77,34,34,0,43,1.0,0.4415584415584415
2022,KHOUALKA,CITRUS VOLKAMERIANA,201210,IMG-00019-43.jpg,31,18,18,0,13,1.0,0.5806451612903226
2022,KHOUALKA,BIGARADIER,201320,IMG-00006-43.jpg,87,41,41,0,46,1.0,0.4712643678160919
2022,KHOUALKA,BIGARADIER,201320,IMG-00016-43.jpg,97,64,64,0,33,1.0,0.6597938144329897
2022,KHOUALKA,BIGARADIER,201320,IMG-00017-43.jpg,49,33,32,1,17,0.9696969696969696,0.6530612244897959
2022,KHOUALKA,BIGARADIER,201320,IMG-00020-43.jpg,88,53,53,0,35,1.0,0.6022727272727273
2022,ONAGRI,BIGARADIER,201390,IMG-00008-44.jpg,62,24,23,1,39,0.9583333333333334,0.3709677419354839
2022,ONAGRI,BIGARADIER,201390,IMG-00011-44.jpg,90,41,39,2,51,0.951219512195122,0.4333333333333333
2022,ONAGRI,BIGARADIER,201390,IMG-00013-44.jpg,77,26,26,0,51,1.0,0.3376623376623377
2022,ONAGRI,BIGARADIER,201390,IMG-00016-44.jpg,69,21,21,0,48,1.0,0.3043478260869565
2022,KHOUALKA,CITRUS VOLKAMERIANA,202050,IMG-00006-43.jpg,89,42,41,1,48,0.9761904761904762,0.4606741573033708
2022,KHOUALKA,CITRUS VOLKAMERIANA,202050,IMG-00010-43.jpg,94,47,47,0,47,1.0,0.5
2022,KHOUALKA,CITRUS VOLKAMERIANA,202050,IMG-00011-43.jpg,151,75,75,0,76,1.0,0.4966887417218543
2022,KHOUALKA,CITRUS VOLKAMERIANA,202050,IMG-00020-43.jpg,129,53,53,0,76,1.0,0.4108527131782946
2022,KHOUALKA,CITRUS VOLKAMERIANA,202070,IMG-00006-43.jpg,68,31,29,2,39,0.935483870967742,0.4264705882352941
2022,KHOUALKA,CITRUS VOLKAMERIANA,202070,IMG-00009-43.jpg,120,56,56,0,64,1.0,0.4666666666666667
2022,KHOUALKA,CITRUS VOLKAMERIANA,202070,IMG-00013-43.jpg,95,39,39,0,56,1.0,0.4105263157894737
2022,KHOUALKA,CITRUS VOLKAMERIANA,202070,IMG-00019-43.jpg,57,27,27,0,30,1.0,0.4736842105263158
2022,KHOUALKA,CITRUS VOLKAMERIANA,202080,IMG-00005-43.jpg,65,41,41,0,24,1.0,0.6307692307692307
2022,KHOUALKA,CITRUS VOLKAMERIANA,202080,IMG-00008-43.jpg,31,18,18,0,13,1.0,0.5806451612903226
2022,KHOUALKA,CITRUS VOLKAMERIANA,202080,IMG-00015-43.jpg,220,68,68,0,152,1.0,0.3090909090909091
2022,KHOUALKA,CITRUS VOLKAMERIANA,202080,IMG-00016-43.jpg,131,56,56,0,75,1.0,0.4274809160305343
2022,KHOUALKA,CITRANGE CARRIZO,301380,IMG-00007-43.jpg,30,13,13,0,17,1.0,0.4333333333333333
2022,KHOUALKA,CITRANGE CARRIZO,301380,IMG-00011-43.jpg,53,35,35,0,18,1.0,0.660377358490566
2022,KHOUALKA,CITRANGE CARRIZO,301380,IMG-00014-43.jpg,7,4,4,0,3,1.0,0.5714285714285714
2022,KHOUALKA,CITRANGE CARRIZO,301380,IMG-00020-43.jpg,91,40,39,1,52,0.975,0.4285714285714285
2022,ONAGRI,CITRUS VOLKAMERIANA,301470,IMG-00003-44.jpg,148,77,77,0,71,1.0,0.5202702702702703
2022,ONAGRI,CITRUS VOLKAMERIANA,301470,IMG-00004-44.jpg,163,55,55,0,108,1.0,0.3374233128834356
2022,ONAGRI,CITRUS VOLKAMERIANA,301470,IMG-00005-44.jpg,160,42,42,0,118,1.0,0.2625
2022,ONAGRI,CITRUS VOLKAMERIANA,301480,IMG-00001.jpg,92,37,37,0,55,1.0,0.4021739130434783
2022,ONAGRI,CITRUS VOLKAMERIANA,301480,IMG-00003-43.jpg,26,10,10,0,16,1.0,0.3846153846153846
2022,ONAGRI,CITRUS VOLKAMERIANA,301480,IMG-00012-43.jpg,50,20,19,1,31,0.95,0.38
2022,ONAGRI,CITRUS VOLKAMERIANA,301480,IMG-00014-43.jpg,77,36,36,0,41,1.0,0.4675324675324675
2022,ONAGRI,CITRUS VOLKAMERIANA,301490,IMG-00005-44.jpg,108,36,35,1,73,0.9722222222222222,0.3240740740740741
2022,ONAGRI,CITRUS VOLKAMERIANA,301490,IMG-00009-44.jpg,185,68,66,2,119,0.9705882352941176,0.3567567567567568
2022,ONAGRI,CITRUS VOLKAMERIANA,301490,IMG-00012-44.jpg,162,50,49,1,113,0.98,0.3024691358024691
2022,ONAGRI,CITRUS VOLKAMERIANA,301490,IMG-00015-44.jpg,109,36,35,1,74,0.9722222222222222,0.3211009174311927
2022,ONAGRI,CITRUS VOLKAMERIANA,301510,IMG-00001.jpg,252,83,83,0,169,1.0,0.3293650793650794
2022,ONAGRI,CITRUS VOLKAMERIANA,301510,IMG-00006-44.jpg,137,53,53,0,84,1.0,0.3868613138686132
2022,ONAGRI,CITRUS VOLKAMERIANA,301510,IMG-00007-44.jpg,115,41,41,0,74,1.0,0.3565217391304348
2022,ONAGRI,CITRUS VOLKAMERIANA,301510,IMG-00008-44.jpg,150,63,62,1,88,0.984126984126984,0.4133333333333333
2022,ONAGRI,BIGARADIER,301550,IMG-00008-44.jpg,144,67,67,0,77,1.0,0.4652777777777778
2022,ONAGRI,BIGARADIER,301550,IMG-00011-44.jpg,40,16,16,0,24,1.0,0.4
2022,ONAGRI,BIGARADIER,301550,IMG-00013-44.jpg,76,27,27,0,49,1.0,0.3552631578947368
2022,ONAGRI,BIGARADIER,301550,IMG-00014-44.jpg,80,26,23,3,57,0.8846153846153846,0.2875
2022,ONAGRI,CITRUS VOLKAMERIANA,301570,IMG-00004-44.jpg,158,63,62,1,96,0.984126984126984,0.3924050632911392
2022,ONAGRI,CITRUS VOLKAMERIANA,301570,IMG-00007-44.jpg,152,57,55,2,97,0.9649122807017544,0.3618421052631579
2022,ONAGRI,CITRUS VOLKAMERIANA,301570,IMG-00008-44.jpg,103,29,29,0,74,1.0,0.2815533980582524
2022,ONAGRI,CITRUS VOLKAMERIANA,301570,IMG-00017-44.jpg,218,77,77,0,141,1.0,0.3532110091743119
2022,KHOUALKA,CITRUS VOLKAMERIANA,302340,IMG-00004-43.jpg,106,42,42,0,64,1.0,0.3962264150943396
2022,KHOUALKA,CITRUS VOLKAMERIANA,302340,IMG-00005-43.jpg,105,49,48,1,57,0.979591836734694,0.4571428571428571
2022,KHOUALKA,CITRUS VOLKAMERIANA,302340,IMG-00011-43.jpg,75,29,28,1,47,0.9655172413793104,0.3733333333333334
2022,KHOUALKA,CITRUS VOLKAMERIANA,302340,IMG-00015-43.jpg,92,22,22,0,70,1.0,0.2391304347826087
2022,KHOUALKA,CITRUS VOLKAMERIANA,302350,IMG-00008-43.jpg,33,25,24,1,9,0.96,0.7272727272727273
2022,KHOUALKA,CITRUS VOLKAMERIANA,302350,IMG-00013-43.jpg,80,37,36,1,44,0.972972972972973,0.45
2022,KHOUALKA,CITRUS VOLKAMERIANA,302350,IMG-00014-43.jpg,76,33,33,0,43,1.0,0.4342105263157895
2022,KHOUALKA,CITRUS VOLKAMERIANA,302350,IMG-00018-43.jpg,44,26,26,0,18,1.0,0.5909090909090909
2022,KHOUALKA,CITRUS VOLKAMERIANA,302360,IMG-00005-43.jpg,97,34,34,0,63,1.0,0.3505154639175257
2022,KHOUALKA,CITRUS VOLKAMERIANA,302360,IMG-00006-43.jpg,118,33,32,1,86,0.9696969696969696,0.2711864406779661
2022,KHOUALKA,CITRUS VOLKAMERIANA,302360,IMG-00016-43.jpg,67,29,28,1,39,0.9655172413793104,0.417910447761194
2022,KHOUALKA,CITRUS VOLKAMERIANA,302360,IMG-00021-43.jpg,65,34,33,1,32,0.9705882352941176,0.5076923076923077
2022,KHOUALKA,CITRUS VOLKAMERIANA,302510,IMG-00001.jpg,73,33,31,2,42,0.9393939393939394,0.4246575342465753
2022,KHOUALKA,CITRUS VOLKAMERIANA,302510,IMG-00002-43.jpg,44,21,20,1,24,0.9523809523809524,0.4545454545454545
2022,KHOUALKA,CITRUS VOLKAMERIANA,302510,IMG-00003-43.jpg,78,48,44,4,34,0.9166666666666666,0.5641025641025641
2022,KHOUALKA,CITRUS VOLKAMERIANA,302510,IMG-00015-43.jpg,49,23,22,1,27,0.9565217391304348,0.4489795918367347
2022,KHOUALKA,BIGARADIER,401410,IMG-00093-43.jpg,35,17,17,0,18,1.0,0.4857142857142857
2022,KHOUALKA,BIGARADIER,401410,IMG-00099-43.jpg,6,3,3,0,3,1.0,0.5
2022,KHOUALKA,BIGARADIER,401410,IMG-00102-43.jpg,78,31,31,0,47,1.0,0.3974358974358974
2022,KHOUALKA,BIGARADIER,401410,IMG-00104-43.jpg,81,28,28,0,53,1.0,0.345679012345679
2022,ONAGRI,CITRANGE C35,401660,IMG-00001.jpg,56,34,33,1,23,0.9705882352941176,0.5892857142857143
2022,ONAGRI,CITRANGE C35,401660,IMG-00008-44.jpg,42,25,25,0,17,1.0,0.5952380952380952
2022,ONAGRI,CITRANGE C35,401660,IMG-00010-44.jpg,29,22,21,1,8,0.9545454545454546,0.7241379310344828
2022,ONAGRI,CITRANGE C35,401660,IMG-00016-44.jpg,64,39,39,0,25,1.0,0.609375
2022,ONAGRI,CITRANGE C35,401710,IMG-00003-44.jpg,51,29,29,0,22,1.0,0.5686274509803921
2022,ONAGRI,CITRANGE C35,401710,IMG-00012-44.jpg,19,13,13,0,6,1.0,0.6842105263157895
2022,ONAGRI,CITRANGE C35,401710,IMG-00013-44.jpg,33,25,24,1,9,0.96,0.7272727272727273
2022,ONAGRI,CITRANGE C35,401710,IMG-00019-44.jpg,76,49,49,0,27,1.0,0.6447368421052632
2022,ONAGRI,CITRANGE C35,401720,IMG-00007-44.jpg,93,61,60,1,33,0.9836065573770492,0.6451612903225806
2022,ONAGRI,CITRANGE C35,401720,IMG-00008-44.jpg,38,19,19,0,19,1.0,0.5
2022,ONAGRI,CITRANGE C35,401720,IMG-00010-44.jpg,50,19,19,0,31,1.0,0.38
2022,ONAGRI,CITRANGE C35,401720,IMG-00017-44.jpg,68,38,37,1,31,0.9736842105263158,0.5441176470588235
2022,ONAGRI,CITRANGE C35,401730,IMG-00001.jpg,19,12,11,1,8,0.9166666666666666,0.5789473684210527
2022,ONAGRI,CITRANGE C35,401730,IMG-00010-44.jpg,50,27,27,0,23,1.0,0.54
2022,ONAGRI,CITRANGE C35,401730,IMG-00013-44.jpg,75,54,54,0,21,1.0,0.72
2022,ONAGRI,CITRANGE C35,401730,IMG-00016-44.jpg,36,23,22,1,14,0.9565217391304348,0.6111111111111112
2022,ONAGRI,CITRANGE C35,401750,IMG-00005-44.jpg,88,31,31,0,57,1.0,0.3522727272727273
2022,ONAGRI,CITRANGE C35,401750,IMG-00009-44.jpg,127,60,58,2,69,0.9666666666666668,0.4566929133858268
2022,ONAGRI,CITRANGE C35,401750,IMG-00016-44.jpg,107,49,49,0,58,1.0,0.4579439252336449
2022,ONAGRI,CITRANGE C35,401750,IMG-00024-44.jpg,50,25,25,0,25,1.0,0.5
2022,ONAGRI,CITRUMELO SACCATON,401770,IMG-00003-44.jpg,24,15,15,0,9,1.0,0.625
2022,ONAGRI,CITRUMELO SACCATON,401770,IMG-00008-44.jpg,72,40,40,0,32,1.0,0.5555555555555556
2022,ONAGRI,CITRUMELO SACCATON,401770,IMG-00009-44.jpg,14,10,9,1,5,0.9,0.6428571428571429
2022,ONAGRI,CITRUMELO SACCATON,401770,IMG-00017-44.jpg,20,10,10,0,10,1.0,0.5
2022,KHOUALKA,BIGARADIER,402440,IMG-00005-43.jpg,17,5,5,0,12,1.0,0.2941176470588235
2022,KHOUALKA,BIGARADIER,402440,IMG-00012-43.jpg,46,22,21,1,25,0.9545454545454546,0.4565217391304348
2022,KHOUALKA,BIGARADIER,402440,IMG-00014-43.jpg,11,3,3,0,8,1.0,0.2727272727272727
2022,KHOUALKA,BIGARADIER,402440,IMG-00015-43.jpg,22,4,4,0,18,1.0,0.1818181818181818
2022,KHOUALKA,BIGARADIER,402590,IMG-00007-43.jpg,104,50,48,2,56,0.96,0.4615384615384616
2022,KHOUALKA,BIGARADIER,402590,IMG-00012-43.jpg,45,25,24,1,21,0.96,0.5333333333333333
2022,KHOUALKA,BIGARADIER,402590,IMG-00015-43.jpg,58,32,31,1,27,0.96875,0.5344827586206896
2022,KHOUALKA,BIGARADIER,402590,IMG-00019-43.jpg,64,40,40,0,24,1.0,0.625
2022,KHOUALKA,CITRUS VOLKAMERIANA,501520,IMG-00004-43.jpg,39,12,12,0,27,1.0,0.3076923076923077
2022,KHOUALKA,CITRUS VOLKAMERIANA,501520,IMG-00007-43.jpg,43,18,18,0,25,1.0,0.4186046511627907
2022,KHOUALKA,CITRUS VOLKAMERIANA,501520,IMG-00015-43.jpg,18,7,7,0,11,1.0,0.3888888888888889
2022,KHOUALKA,CITRUS VOLKAMERIANA,501520,IMG-00020-43.jpg,48,22,22,0,26,1.0,0.4583333333333333
2022,KHOUALKA,CITRUS VOLKAMERIANA,501540,IMG-00006-43.jpg,38,23,23,0,15,1.0,0.6052631578947368
2022,KHOUALKA,CITRUS VOLKAMERIANA,501540,IMG-00012-43.jpg,102,51,51,0,51,1.0,0.5
2022,KHOUALKA,CITRUS VOLKAMERIANA,501540,IMG-00017-43.jpg,138,35,34,1,104,0.9714285714285714,0.2463768115942029
2022,KHOUALKA,CITRUS VOLKAMERIANA,501540,IMG-00018-43.jpg,51,26,25,1,26,0.9615384615384616,0.4901960784313725
2022,KHOUALKA,CITRUS VOLKAMERIANA,501660,IMG-00006-43.jpg,60,37,34,3,26,0.918918918918919,0.5666666666666667
2022,KHOUALKA,CITRUS VOLKAMERIANA,501660,IMG-00016-43.jpg,63,36,35,1,28,0.9722222222222222,0.5555555555555556
2022,KHOUALKA,CITRUS VOLKAMERIANA,501660,IMG-00018-43.jpg,112,43,43,0,69,1.0,0.3839285714285715
2022,KHOUALKA,CITRUS VOLKAMERIANA,501660,IMG-00021-43.jpg,90,41,41,0,49,1.0,0.4555555555555555
2022,KHOUALKA,CITRUS VOLKAMERIANA,501680,IMG-00005-43.jpg,179,76,75,1,104,0.986842105263158,0.4189944134078212
2022,KHOUALKA,CITRUS VOLKAMERIANA,501680,IMG-00011-43.jpg,101,30,29,1,72,0.9666666666666668,0.2871287128712871
2022,KHOUALKA,CITRUS VOLKAMERIANA,501680,IMG-00012-43.jpg,76,25,24,1,52,0.96,0.3157894736842105
2022,KHOUALKA,CITRUS VOLKAMERIANA,501680,IMG-00016-43.jpg,113,57,57,0,56,1.0,0.504424778761062
2022,KHOUALKA,CITRUS VOLKAMERIANA,501690,IMG-00032-43.jpg,34,10,9,1,25,0.9,0.2647058823529412
2022,KHOUALKA,CITRUS VOLKAMERIANA,501690,IMG-00039-43.jpg,186,73,72,1,114,0.9863013698630136,0.3870967741935484
2022,KHOUALKA,CITRUS VOLKAMERIANA,501690,IMG-00047-43.jpg,103,35,35,0,68,1.0,0.3398058252427185
2022,KHOUALKA,CITRUS VOLKAMERIANA,501690,IMG-00049-43.jpg,166,60,60,0,106,1.0,0.3614457831325301
2022,KHOUALKA,CITRUS VOLKAMERIANA,501760,IMG-00001.jpg,94,38,38,0,56,1.0,0.4042553191489361
2022,KHOUALKA,CITRUS VOLKAMERIANA,501760,IMG-00034-43.jpg,45,9,9,0,36,1.0,0.2
2022,KHOUALKA,CITRUS VOLKAMERIANA,501760,IMG-00036-43.jpg,40,16,15,1,25,0.9375,0.375
2022,KHOUALKA,CITRUS VOLKAMERIANA,501760,IMG-00051-43.jpg,92,23,23,0,69,1.0,0.25
2022,ONAGRI,CITRUMELO SACCATON,510910,IMG-00004-44.jpg,73,42,42,0,31,1.0,0.5753424657534246
2022,ONAGRI,CITRUMELO SACCATON,510910,IMG-00008-44.jpg,152,67,67,0,85,1.0,0.4407894736842105
2022,ONAGRI,CITRUMELO SACCATON,510910,IMG-00010-44.jpg,107,56,55,1,52,0.9821428571428572,0.514018691588785
2022,ONAGRI,CITRUMELO SACCATON,510910,IMG-00011-44.jpg,92,46,45,1,47,0.9782608695652174,0.4891304347826087
2022,ONAGRI,CITRUMELO SACCATON,510950,IMG-00006-44.jpg,70,43,43,0,27,1.0,0.6142857142857143
2022,ONAGRI,CITRUMELO SACCATON,510950,IMG-00008-44.jpg,75,39,38,1,37,0.9743589743589745,0.5066666666666667
2022,ONAGRI,CITRUMELO SACCATON,510950,IMG-00009-44.jpg,85,42,40,2,45,0.9523809523809524,0.4705882352941176
2022,ONAGRI,CITRUMELO SACCATON,510950,IMG-00011-44.jpg,135,76,76,0,59,1.0,0.562962962962963
2022,ONAGRI,MC PONSIRUCE TRIFOLIATA,510980,IMG-00014-44.jpg,67,34,33,1,34,0.9705882352941176,0.4925373134328358
2022,ONAGRI,MC PONSIRUCE TRIFOLIATA,510980,IMG-00015-44.jpg,51,31,30,1,21,0.967741935483871,0.5882352941176471
2022,ONAGRI,MC PONSIRUCE TRIFOLIATA,510980,IMG-00016-44.jpg,99,50,50,0,49,1.0,0.5050505050505051
2022,ONAGRI,MC PONSIRUCE TRIFOLIATA,510980,IMG-00019-44.jpg,102,45,44,1,58,0.9777777777777776,0.4313725490196079
2022,ONAGRI,MC PONSIRUCE TRIFOLIATA,510990,IMG-00006-44.jpg,135,81,81,0,54,1.0,0.6
2022,ONAGRI,MC PONSIRUCE TRIFOLIATA,510990,IMG-00008-44.jpg,110,69,69,0,41,1.0,0.6272727272727273
2022,ONAGRI,MC PONSIRUCE TRIFOLIATA,510990,IMG-00009-44.jpg,85,47,46,1,39,0.9787234042553192,0.5411764705882353
2022,ONAGRI,MC PONSIRUCE TRIFOLIATA,510990,IMG-00024-44.jpg,65,35,34,1,31,0.9714285714285714,0.5230769230769231
2022,ONAGRI,MC PONSIRUCE TRIFOLIATA,511030,IMG-00007-44.jpg,100,77,76,1,24,0.987012987012987,0.76
2022,ONAGRI,MC PONSIRUCE TRIFOLIATA,511030,IMG-00016-44.jpg,63,42,42,0,21,1.0,0.6666666666666666
2022,ONAGRI,MC PONSIRUCE TRIFOLIATA,511030,IMG-00022-44.jpg,98,76,73,3,25,0.9605263157894736,0.7448979591836735
2022,ONAGRI,MC PONSIRUCE TRIFOLIATA,511030,IMG-00027-44.jpg,82,57,57,0,25,1.0,0.6951219512195121
2022,ONAGRI,MS PONSIRUCE TRIFOLIATA,511040,IMG-00004-44.jpg,77,51,51,0,26,1.0,0.6623376623376623
2022,ONAGRI,MS PONSIRUCE TRIFOLIATA,511040,IMG-00014-44.jpg,48,26,25,1,23,0.9615384615384616,0.5208333333333334
2022,ONAGRI,MS PONSIRUCE TRIFOLIATA,511040,IMG-00016-44.jpg,71,37,36,1,35,0.972972972972973,0.5070422535211268
2022,ONAGRI,MS PONSIRUCE TRIFOLIATA,511040,IMG-00025-44.jpg,56,29,29,0,27,1.0,0.5178571428571429
2022,ONAGRI,FUZHU,511050,IMG-00004-44.jpg,109,52,50,2,59,0.9615384615384616,0.4587155963302753
2022,ONAGRI,FUZHU,511050,IMG-00006-44.jpg,142,72,71,1,71,0.9861111111111112,0.5
2022,ONAGRI,FUZHU,511050,IMG-00011-44.jpg,172,119,115,4,57,0.9663865546218487,0.6686046511627907
2022,ONAGRI,FUZHU,511050,IMG-00022-44.jpg,194,118,116,2,78,0.9830508474576272,0.5979381443298969
2022,ONAGRI,MS PONSIRUCE TRIFOLIATA,511060,IMG-00007-44.jpg,115,64,64,0,51,1.0,0.5565217391304348
2022,ONAGRI,MS PONSIRUCE TRIFOLIATA,511060,IMG-00016-44.jpg,102,51,50,1,52,0.9803921568627452,0.4901960784313725
2022,ONAGRI,MS PONSIRUCE TRIFOLIATA,511060,IMG-00017-44.jpg,59,25,25,0,34,1.0,0.423728813559322
2022,ONAGRI,MS PONSIRUCE TRIFOLIATA,511060,IMG-00019-44.jpg,108,55,54,1,54,0.9818181818181818,0.5
2022,ONAGRI,FUZHU,511070,IMG-00006-44.jpg,82,60,60,0,22,1.0,0.7317073170731707
2022,ONAGRI,FUZHU,511070,IMG-00016-44.jpg,96,53,53,0,43,1.0,0.5520833333333334
2022,ONAGRI,FUZHU,511070,IMG-00018-44.jpg,93,55,55,0,38,1.0,0.5913978494623656
2022,ONAGRI,FUZHU,511070,IMG-00019-44.jpg,142,78,78,0,64,1.0,0.5492957746478874
