compagnie,Domaine,Porte-greffe,parcelle,Filename,True_count,detect_count,TP,FP,FN,Precision,Recall
2022,SAOUDA,BIGARADIER,10010,IMG-00011-45.jpg,28,26,26,0,2,1.0,0.9285714285714286
2022,SAOUDA,BIGARADIER,10010,IMG-00012-45.jpg,27,22,21,1,6,0.9545454545454546,0.7777777777777778
2022,SAOUDA,BIGARADIER,10010,IMG-00014-45.jpg,50,49,44,5,6,0.8979591836734694,0.88
2022,SAOUDA,BIGARADIER,10010,IMG-00018-45.jpg,30,24,24,0,6,1.0,0.8
2022,SAOUDA,BIGARADIER,10010,IMG-00020-45.jpg,31,26,25,1,6,0.9615384615384616,0.8064516129032258
2024,SAOUDA,BIGARADIER,10010,IMG-23410.jpg,85,9,9,0,76,1.0,0.1058823529411765
2024,SAOUDA,BIGARADIER,10010,IMG-23417.jpg,86,10,10,0,76,1.0,0.1162790697674419
2024,SAOUDA,BIGARADIER,10010,IMG-23430.jpg,74,15,15,0,59,1.0,0.2027027027027027
2024,SAOUDA,BIGARADIER,10010,IMG-23647.jpg,95,17,17,0,78,1.0,0.1789473684210526
2024,SAOUDA,BIGARADIER,10010,IMG-23672.jpg,47,3,3,0,44,1.0,0.0638297872340425
2024,SAOUDA,BIGARADIER,10010,IMG-23707.jpg,30,8,8,0,22,1.0,0.2666666666666667
2024,SAOUDA,BIGARADIER,10010,IMG-23709.jpg,31,5,5,0,26,1.0,0.1612903225806452
2024,SAOUDA,BIGARADIER,10010,IMG-23711.jpg,79,13,12,1,67,0.9230769230769232,0.1518987341772152
2022,SAOUDA,MACROPHYLLA,10030,IMG-00158-45.jpg,101,81,77,4,24,0.9506172839506172,0.7623762376237624
2022,SAOUDA,MACROPHYLLA,10030,IMG-00159-45.jpg,155,111,107,4,48,0.963963963963964,0.6903225806451613
2022,SAOUDA,MACROPHYLLA,10030,IMG-00162-45.jpg,119,100,98,2,21,0.98,0.8235294117647058
2022,SAOUDA,MACROPHYLLA,10030,IMG-00169-45.jpg,72,54,53,1,19,0.9814814814814816,0.7361111111111112
2022,SAOUDA,MACROPHYLLA,10031,IMG-00002-45.jpg,46,38,35,3,11,0.9210526315789472,0.7608695652173914
2022,SAOUDA,MACROPHYLLA,10031,IMG-00084-45.jpg,41,34,29,5,12,0.8529411764705882,0.7073170731707317
2022,SAOUDA,MACROPHYLLA,10031,IMG-00450-45.jpg,27,20,18,2,9,0.9,0.6666666666666666
2022,SAOUDA,MACROPHYLLA,10031,IMG-00451-45.jpg,34,27,23,4,11,0.8518518518518519,0.6764705882352942
2022,SAOUDA,MACROPHYLLA,10031,IMG-00464-45.jpg,33,24,20,4,13,0.8333333333333334,0.6060606060606061
2022,ONAGRI,CITRUS VOLKAMERIANA,10101,IMG-00003-39.jpg,120,117,111,6,9,0.9487179487179488,0.925
2022,ONAGRI,CITRUS VOLKAMERIANA,10101,IMG-00010-39.jpg,85,78,74,4,11,0.9487179487179488,0.8705882352941177
2024,ONAGRI,CITRUS VOLKAMERIANA,10101,IMG-10523.jpg,288,195,193,2,95,0.9897435897435898,0.6701388888888888
2024,ONAGRI,CITRUS VOLKAMERIANA,10101,IMG-10545.jpg,98,63,62,1,36,0.984126984126984,0.6326530612244898
2024,ONAGRI,CITRUS VOLKAMERIANA,10101,IMG-10558.jpg,143,80,76,4,67,0.95,0.5314685314685315
2022,ONAGRI,CITRUS VOLKAMERIANA,10102,IMG-00003-39.jpg,48,39,38,1,10,0.9743589743589745,0.7916666666666666
2024,ONAGRI,CITRUS VOLKAMERIANA,10102,IMG-10637.jpg,140,90,88,2,52,0.9777777777777776,0.6285714285714286
2024,ONAGRI,CITRUS VOLKAMERIANA,10102,IMG-10658.jpg,163,109,108,1,55,0.9908256880733946,0.6625766871165644
2022,ONAGRI,CITRUS VOLKAMERIANA,10103,IMG-00003-39.jpg,215,189,178,11,37,0.9417989417989416,0.827906976744186
2022,ONAGRI,CITRUS VOLKAMERIANA,10103,IMG-00008-39.jpg,195,181,167,14,28,0.9226519337016574,0.8564102564102564
2024,ONAGRI,CITRUS VOLKAMERIANA,10103,IMG-10614.jpg,134,83,81,2,53,0.9759036144578314,0.6044776119402985
2024,ONAGRI,CITRUS VOLKAMERIANA,10103,IMG-10630.jpg,213,139,137,2,76,0.9856115107913668,0.6431924882629108
2024,ONAGRI,CITRUS VOLKAMERIANA,10103,IMG-10631.jpg,134,70,69,1,65,0.9857142857142858,0.5149253731343284
2022,ONAGRI,CITRUS VOLKAMERIANA,10104,IMG-00004-39.jpg,65,58,53,5,12,0.913793103448276,0.8153846153846154
2022,ONAGRI,CITRUS VOLKAMERIANA,10104,IMG-00008-39.jpg,69,61,55,6,14,0.9016393442622952,0.7971014492753623
2024,ONAGRI,CITRUS VOLKAMERIANA,10104,IMG-11267.jpg,22,10,10,0,12,1.0,0.4545454545454545
2024,ONAGRI,CITRUS VOLKAMERIANA,10104,IMG-11327.jpg,128,85,82,3,46,0.9647058823529412,0.640625
2024,ONAGRI,CITRUS VOLKAMERIANA,10104,IMG-11347.jpg,118,76,74,2,44,0.9736842105263158,0.6271186440677966
2024,ONAGRI,CITRUS VOLKAMERIANA,10104,IMG-11366.jpg,351,220,216,4,135,0.9818181818181818,0.6153846153846154
2024,ONAGRI,CITRUS VOLKAMERIANA,10104,IMG-11386.jpg,99,66,65,1,34,0.9848484848484848,0.6565656565656566
2022,ONAGRI,CITRUS VOLKAMERIANA,10105,IMG-00004-39.jpg,17,12,10,2,7,0.8333333333333334,0.5882352941176471
2022,ONAGRI,CITRUS VOLKAMERIANA,10105,IMG-00005-39.jpg,68,57,55,2,13,0.9649122807017544,0.8088235294117647
2022,ONAGRI,CITRUS VOLKAMERIANA,10108,IMG-00003-39.jpg,61,54,50,4,11,0.925925925925926,0.819672131147541
2022,ONAGRI,CITRUS VOLKAMERIANA,10108,IMG-00007-39.jpg,69,51,49,2,20,0.9607843137254902,0.7101449275362319
2022,ONAGRI,CITRUS VOLKAMERIANA,10109,IMG-00003-39.jpg,4,4,4,0,0,1.0,1.0
2022,ONAGRI,CITRUS VOLKAMERIANA,10109,IMG-00008-39.jpg,105,103,96,7,9,0.9320388349514565,0.9142857142857144
2022,KHOUALKA,CITRANGE CARRIZO,10213,IMG-00001.jpg,77,65,64,1,13,0.9846153846153848,0.8311688311688312
2022,KHOUALKA,CITRANGE CARRIZO,10213,IMG-00005-40.jpg,73,69,67,2,6,0.9710144927536232,0.9178082191780822
2022,KHOUALKA,CITRANGE CARRIZO,10213,IMG-00009-40.jpg,14,12,12,0,2,1.0,0.8571428571428571
2022,KHOUALKA,CITRANGE CARRIZO,10213,IMG-00014-40.jpg,21,20,16,4,5,0.8,0.7619047619047619
2022,KHOUALKA,CITRANGE CARRIZO,10213,IMG-00028-40.jpg,47,41,40,1,7,0.975609756097561,0.851063829787234
2022,KHOUALKA,CITRANGE CARRIZO,10213,IMG-00034-40.jpg,48,41,38,3,10,0.926829268292683,0.7916666666666666
2022,KHOUALKA,CITRANGE CARRIZO,10213,IMG-00035-40.jpg,37,34,34,0,3,1.0,0.918918918918919
2022,KHOUALKA,CITRANGE CARRIZO,10213,IMG-00036-40.jpg,47,45,42,3,5,0.9333333333333332,0.8936170212765957
2022,KHOUALKA,CITRANGE CARRIZO,10213,IMG-00042-40.jpg,22,19,18,1,4,0.9473684210526316,0.8181818181818182
2022,KHOUALKA,CITRANGE CARRIZO,10213,IMG-00047-40.jpg,70,57,57,0,13,1.0,0.8142857142857143
2022,KHOUALKA,CITRANGE CARRIZO,10213,IMG-00054-40.jpg,33,29,27,2,6,0.9310344827586208,0.8181818181818182
2022,KHOUALKA,CITRANGE CARRIZO,10213,IMG-00055-40.jpg,93,84,81,3,12,0.9642857142857144,0.8709677419354839
2022,KHOUALKA,CITRANGE CARRIZO,10213,IMG-00061-40.jpg,113,100,97,3,16,0.97,0.8584070796460177
2022,KHOUALKA,CITRANGE CARRIZO,10213,IMG-00066-40.jpg,48,42,36,6,12,0.8571428571428571,0.75
2024,KHOUALKA,CITRANGE CARRIZO,10213,IMG-12628.jpg,119,92,89,3,30,0.967391304347826,0.7478991596638656
2024,KHOUALKA,CITRANGE CARRIZO,10213,IMG-12774.jpg,118,91,88,3,30,0.967032967032967,0.7457627118644068
2024,KHOUALKA,CITRANGE CARRIZO,10213,IMG-12780.jpg,44,34,31,3,13,0.9117647058823528,0.7045454545454546
2024,KHOUALKA,CITRANGE CARRIZO,10213,IMG-12791.jpg,166,98,97,1,69,0.9897959183673468,0.5843373493975904
2024,KHOUALKA,CITRANGE CARRIZO,10213,IMG-12834.jpg,57,39,39,0,18,1.0,0.6842105263157895
2024,KHOUALKA,CITRANGE CARRIZO,10213,IMG-12945.jpg,130,99,98,1,32,0.98989898989899,0.7538461538461538
2022,OUARGHA,MACROPHYLLA,11010,IMG-00001.jpg,40,31,30,1,10,0.967741935483871,0.75
2022,OUARGHA,MACROPHYLLA,11010,IMG-00015-41.jpg,24,15,14,1,10,0.9333333333333332,0.5833333333333334
2022,OUARGHA,MACROPHYLLA,11010,IMG-00019-41.jpg,20,23,17,6,3,0.7391304347826086,0.85
2022,OUARGHA,MACROPHYLLA,11010,IMG-00024-41.jpg,21,18,18,0,3,1.0,0.8571428571428571
2022,OUARGHA,MACROPHYLLA,11020,IMG-00017-41.jpg,51,49,45,4,6,0.9183673469387756,0.8823529411764706
2022,OUARGHA,MACROPHYLLA,11020,IMG-00018-41.jpg,13,9,8,1,5,0.8888888888888888,0.6153846153846154
2022,OUARGHA,CITRANGE CARRIZO,13010,IMG-00067-41.jpg,55,51,46,5,9,0.9019607843137256,0.8363636363636363
2022,OUARGHA,CITRANGE CARRIZO,13010,IMG-00086-41.jpg,49,40,40,0,9,1.0,0.8163265306122449
2022,OUARGHA,CITRANGE CARRIZO,13010,IMG-00194-41.jpg,33,33,31,2,2,0.9393939393939394,0.9393939393939394
2022,OUARGHA,CITRANGE CARRIZO,13020,IMG-00023-41.jpg,31,25,24,1,7,0.96,0.7741935483870968
2022,OUARGHA,CITRANGE CARRIZO,13020,IMG-00024-41.jpg,18,18,16,2,2,0.8888888888888888,0.8888888888888888
2022,OUARGHA,CITRANGE CARRIZO,13020,IMG-00039-41.jpg,4,2,2,0,2,1.0,0.5
2022,OUARGHA,CITRANGE CARRIZO,13020,IMG-00040-41.jpg,6,5,4,1,2,0.8,0.6666666666666666
2022,OUARGHA,CITRUS VOLKAMERIANA,13030,IMG-00009-41.jpg,18,10,10,0,8,1.0,0.5555555555555556
2022,OUARGHA,CITRUS VOLKAMERIANA,13030,IMG-00013-41.jpg,46,40,38,2,8,0.95,0.8260869565217391
2022,OUARGHA,CITRUS VOLKAMERIANA,13030,IMG-00027-41.jpg,12,8,8,0,4,1.0,0.6666666666666666
2022,OUARGHA,CITRUS VOLKAMERIANA,13030,IMG-00029-41.jpg,18,11,10,1,8,0.9090909090909092,0.5555555555555556
2022,OUARGHA,CITRUS VOLKAMERIANA,13030,IMG-00036-41.jpg,16,16,11,5,5,0.6875,0.6875
2022,OUARGHA,CITRUS VOLKAMERIANA,14010,IMG-00008-41.jpg,40,30,27,3,13,0.9,0.675
2022,OUARGHA,CITRUS VOLKAMERIANA,14010,IMG-00010-41.jpg,49,43,41,2,8,0.9534883720930232,0.8367346938775511
2022,OUARGHA,CITRUS VOLKAMERIANA,14010,IMG-00011-41.jpg,47,39,36,3,11,0.9230769230769232,0.7659574468085106
2022,OUARGHA,CITRUS VOLKAMERIANA,14010,IMG-00018-41.jpg,44,39,37,2,7,0.9487179487179488,0.8409090909090909
2022,KHOUALKA,MACROPHYLLA,20118,IMG-00007-40.jpg,44,35,34,1,10,0.9714285714285714,0.7727272727272727
2022,KHOUALKA,MACROPHYLLA,20118,IMG-00008-40.jpg,115,96,92,4,23,0.9583333333333334,0.8
2022,KHOUALKA,MACROPHYLLA,20118,IMG-00022-40.jpg,113,91,90,1,23,0.989010989010989,0.7964601769911505
2022,KHOUALKA,MACROPHYLLA,20118,IMG-00033-40.jpg,58,53,49,4,9,0.9245283018867924,0.8448275862068966
2022,KHOUALKA,MACROPHYLLA,20118,IMG-00037-40.jpg,29,22,20,2,9,0.9090909090909092,0.6896551724137931
2022,KHOUALKA,MACROPHYLLA,20118,IMG-00042-40.jpg,137,116,112,4,25,0.9655172413793104,0.8175182481751825
2022,KHOUALKA,MACROPHYLLA,20118,IMG-00046-40.jpg,45,38,34,4,11,0.8947368421052632,0.7555555555555555
2022,KHOUALKA,MACROPHYLLA,20118,IMG-00050-40.jpg,48,38,36,2,12,0.9473684210526316,0.75
2022,KHOUALKA,MACROPHYLLA,20118,IMG-00055-40.jpg,52,42,42,0,10,1.0,0.8076923076923077
2022,KHOUALKA,MACROPHYLLA,20118,IMG-00061-40.jpg,120,95,89,6,31,0.936842105263158,0.7416666666666667
2022,KHOUALKA,MACROPHYLLA,20118,IMG-00062-40.jpg,63,50,48,2,15,0.96,0.7619047619047619
2022,KHOUALKA,MACROPHYLLA,20118,IMG-00063-40.jpg,47,42,40,2,7,0.9523809523809524,0.851063829787234
2022,KHOUALKA,MACROPHYLLA,20118,IMG-00066-40.jpg,84,71,70,1,14,0.9859154929577464,0.8333333333333334
2024,KHOUALKA,MACROPHYLLA,20118,IMG-12691.jpg,22,13,13,0,9,1.0,0.5909090909090909
2024,KHOUALKA,MACROPHYLLA,20118,IMG-12729.jpg,56,31,30,1,26,0.967741935483871,0.5357142857142857
2024,KHOUALKA,MACROPHYLLA,20118,IMG-12735.jpg,88,57,56,1,32,0.9824561403508772,0.6363636363636364
2024,KHOUALKA,MACROPHYLLA,20118,IMG-12748.jpg,107,59,57,2,50,0.9661016949152542,0.5327102803738317
2024,KHOUALKA,MACROPHYLLA,20118,IMG-12764.jpg,111,89,85,4,26,0.9550561797752808,0.7657657657657657
2024,KHOUALKA,MACROPHYLLA,20118,IMG-12808.jpg,113,63,62,1,51,0.984126984126984,0.5486725663716814
2024,KHOUALKA,MACROPHYLLA,20118,IMG-12851.jpg,24,11,11,0,13,1.0,0.4583333333333333
2022,KHOUALKA,MACROPHYLLA,20119,IMG-00005-40.jpg,106,89,87,2,19,0.9775280898876404,0.8207547169811321
2022,KHOUALKA,MACROPHYLLA,20119,IMG-00008-40.jpg,142,110,104,6,38,0.9454545454545454,0.7323943661971831
2022,KHOUALKA,MACROPHYLLA,20119,IMG-00014-40.jpg,132,113,112,1,20,0.991150442477876,0.8484848484848485
2022,KHOUALKA,BIGARADIER,20132,IMG-00004-40.jpg,181,150,146,4,35,0.9733333333333334,0.8066298342541437
2022,KHOUALKA,BIGARADIER,20132,IMG-00025-40.jpg,91,77,73,4,18,0.948051948051948,0.8021978021978022
2022,KHOUALKA,BIGARADIER,20132,IMG-00028-40.jpg,49,47,42,5,7,0.8936170212765957,0.8571428571428571
2022,KHOUALKA,BIGARADIER,20132,IMG-00035-40.jpg,103,109,99,10,4,0.908256880733945,0.9611650485436892
2022,KHOUALKA,BIGARADIER,20132,IMG-00039-40.jpg,119,110,107,3,12,0.9727272727272728,0.8991596638655462
2022,KHOUALKA,BIGARADIER,20132,IMG-00046-40.jpg,156,138,135,3,21,0.9782608695652174,0.8653846153846154
2022,KHOUALKA,BIGARADIER,20132,IMG-00051-40.jpg,108,88,86,2,22,0.9772727272727272,0.7962962962962963
2022,KHOUALKA,BIGARADIER,20132,IMG-00055-40.jpg,67,56,53,3,14,0.9464285714285714,0.7910447761194029
2022,KHOUALKA,BIGARADIER,20132,IMG-00058-40.jpg,89,83,81,2,8,0.9759036144578314,0.9101123595505618
2022,KHOUALKA,BIGARADIER,20132,IMG-00059-40.jpg,139,115,113,2,26,0.982608695652174,0.8129496402877698
2022,KHOUALKA,BIGARADIER,20132,IMG-00060-40.jpg,57,44,42,2,15,0.9545454545454546,0.7368421052631579
2022,KHOUALKA,BIGARADIER,20132,IMG-00064-40.jpg,117,93,93,0,24,1.0,0.7948717948717948
2022,KHOUALKA,BIGARADIER,20132,IMG-00075-40.jpg,69,63,60,3,9,0.9523809523809524,0.8695652173913043
2022,ONAGRI,BIGARADIER,20139,IMG-00021-39.jpg,93,77,76,1,17,0.987012987012987,0.8172043010752689
2024,KHOUALKA,CITRUS VOLKAMERIANA,20205,IMG-12040.jpg,123,73,70,3,53,0.958904109589041,0.5691056910569106
2024,KHOUALKA,CITRUS VOLKAMERIANA,20205,IMG-12058.jpg,116,96,92,4,24,0.9583333333333334,0.7931034482758621
2024,KHOUALKA,CITRUS VOLKAMERIANA,20207,IMG-11892.jpg,94,65,61,4,33,0.9384615384615383,0.648936170212766
2024,KHOUALKA,CITRUS VOLKAMERIANA,20207,IMG-11921.jpg,264,142,141,1,123,0.9929577464788732,0.5340909090909091
2024,KHOUALKA,CITRUS VOLKAMERIANA,20207,IMG-11927.jpg,195,110,108,2,87,0.9818181818181818,0.5538461538461539
2024,KHOUALKA,CITRUS VOLKAMERIANA,20207,IMG-11961.jpg,113,78,77,1,36,0.9871794871794872,0.6814159292035398
2024,KHOUALKA,CITRUS VOLKAMERIANA,20207,IMG-11972.jpg,94,61,55,6,39,0.9016393442622952,0.5851063829787234
2024,KHOUALKA,CITRUS VOLKAMERIANA,20207,IMG-11981.jpg,81,50,47,3,34,0.94,0.5802469135802469
2022,SAOUDA,CITRUS VOLKAMERIANA,21020,IMG-00033-45.jpg,67,65,61,4,6,0.9384615384615383,0.9104477611940298
2022,SAOUDA,CITRUS VOLKAMERIANA,21020,IMG-00087-45.jpg,21,15,15,0,6,1.0,0.7142857142857143
2022,SAOUDA,CITRUS VOLKAMERIANA,21020,IMG-00138-45.jpg,40,38,33,5,7,0.868421052631579,0.825
2022,SAOUDA,CITRUS VOLKAMERIANA,21020,IMG-00145-45.jpg,37,36,32,4,5,0.8888888888888888,0.8648648648648649
2022,SAOUDA,CITRUS VOLKAMERIANA,21020,IMG-00155-45.jpg,38,36,34,2,4,0.9444444444444444,0.8947368421052632
2022,SAOUDA,CITRUS VOLKAMERIANA,21030,IMG-00521-45.jpg,31,27,25,2,6,0.925925925925926,0.8064516129032258
2022,SAOUDA,CITRUS VOLKAMERIANA,21030,IMG-00524-45.jpg,71,49,48,1,23,0.979591836734694,0.676056338028169
2022,SAOUDA,CITRUS VOLKAMERIANA,21030,IMG-00536-45.jpg,41,39,33,6,8,0.8461538461538461,0.8048780487804879
2022,SAOUDA,CITRUS VOLKAMERIANA,21030,IMG-00537-45.jpg,52,41,36,5,16,0.8780487804878049,0.6923076923076923
2022,SAOUDA,CITRUS VOLKAMERIANA,22020,IMG-00053-45.jpg,39,37,32,5,7,0.8648648648648649,0.8205128205128205
2022,SAOUDA,CITRUS VOLKAMERIANA,22020,IMG-00059-45.jpg,46,36,34,2,12,0.9444444444444444,0.7391304347826086
2022,SAOUDA,CITRUS VOLKAMERIANA,22020,IMG-00060-45.jpg,48,42,37,5,11,0.8809523809523809,0.7708333333333334
2022,SAOUDA,CITRUS VOLKAMERIANA,22020,IMG-00062-45.jpg,50,47,41,6,9,0.8723404255319149,0.82
2022,SAOUDA,CITRUS VOLKAMERIANA,22030,IMG-00062-45.jpg,62,53,52,1,10,0.981132075471698,0.8387096774193549
2022,SAOUDA,CITRUS VOLKAMERIANA,22030,IMG-00063-45.jpg,83,58,58,0,25,1.0,0.6987951807228916
2022,SAOUDA,CITRUS VOLKAMERIANA,22030,IMG-00065-45.jpg,58,45,40,5,18,0.8888888888888888,0.6896551724137931
2022,SAOUDA,CITRUS VOLKAMERIANA,22030,IMG-00068-45.jpg,66,47,45,2,21,0.9574468085106383,0.6818181818181818
2022,SAOUDA,CITRUS VOLKAMERIANA,23020,IMG-00024-45.jpg,47,45,42,3,5,0.9333333333333332,0.8936170212765957
2022,SAOUDA,CITRUS VOLKAMERIANA,23020,IMG-00032-45.jpg,33,31,31,0,2,1.0,0.9393939393939394
2022,SAOUDA,CITRUS VOLKAMERIANA,23020,IMG-00074-45.jpg,28,18,17,1,11,0.9444444444444444,0.6071428571428571
2022,SAOUDA,CITRUS VOLKAMERIANA,23020,IMG-00079-45.jpg,28,25,22,3,6,0.88,0.7857142857142857
2022,SAOUDA,CITRUS VOLKAMERIANA,23030,IMG-00014-45.jpg,25,18,17,1,8,0.9444444444444444,0.68
2022,SAOUDA,CITRUS VOLKAMERIANA,23030,IMG-00034-45.jpg,43,30,29,1,14,0.9666666666666668,0.6744186046511628
2022,SAOUDA,CITRUS VOLKAMERIANA,23030,IMG-00069-45.jpg,28,20,18,2,10,0.9,0.6428571428571429
2022,SAOUDA,CITRUS VOLKAMERIANA,23030,IMG-00079-45.jpg,50,41,38,3,12,0.926829268292683,0.76
2022,SAOUDA,CITRANGE CARRIZO,24010,IMG-00097-45.jpg,59,52,47,5,12,0.903846153846154,0.7966101694915254
2022,SAOUDA,CITRANGE CARRIZO,24010,IMG-00101-45.jpg,27,22,21,1,6,0.9545454545454546,0.7777777777777778
2022,SAOUDA,CITRANGE CARRIZO,24010,IMG-00111-45.jpg,54,48,47,1,7,0.9791666666666666,0.8703703703703703
2022,SAOUDA,CITRANGE CARRIZO,24010,IMG-00112-45.jpg,40,29,29,0,11,1.0,0.725
2022,SAOUDA,CITRANGE CARRIZO,25010,IMG-00006-45.jpg,55,41,40,1,15,0.975609756097561,0.7272727272727273
2022,SAOUDA,CITRANGE CARRIZO,25010,IMG-00007-45.jpg,77,68,65,3,12,0.9558823529411764,0.8441558441558441
2022,SAOUDA,CITRANGE CARRIZO,25010,IMG-00010-45.jpg,53,44,43,1,10,0.9772727272727272,0.8113207547169812
2022,SAOUDA,CITRANGE CARRIZO,25010,IMG-00011-45.jpg,26,23,23,0,3,1.0,0.8846153846153846
2022,SAOUDA,CITRANGE CARRIZO,26010,IMG-00008-45.jpg,39,36,36,0,3,1.0,0.9230769230769232
2022,SAOUDA,CITRANGE CARRIZO,26010,IMG-00013-45.jpg,36,31,29,2,7,0.935483870967742,0.8055555555555556
2022,SAOUDA,CITRANGE CARRIZO,26010,IMG-00018-45.jpg,43,41,40,1,3,0.975609756097561,0.9302325581395348
2022,SAOUDA,CITRANGE CARRIZO,26010,IMG-00020-45.jpg,44,40,37,3,7,0.925,0.8409090909090909
2022,KHOUALKA,CITRANGE CARRIZO,30138,IMG-00002-40.jpg,39,36,34,2,5,0.9444444444444444,0.8717948717948718
2022,KHOUALKA,CITRANGE CARRIZO,30138,IMG-00003-40.jpg,59,50,50,0,9,1.0,0.847457627118644
2022,KHOUALKA,CITRANGE CARRIZO,30138,IMG-00005-40.jpg,58,42,40,2,18,0.9523809523809524,0.6896551724137931
2022,KHOUALKA,CITRANGE CARRIZO,30138,IMG-00008-40.jpg,32,25,23,2,9,0.92,0.71875
2022,KHOUALKA,CITRANGE CARRIZO,30138,IMG-00011-40.jpg,26,29,26,3,0,0.896551724137931,1.0
2022,KHOUALKA,CITRANGE CARRIZO,30138,IMG-00019-40.jpg,2,2,2,0,0,1.0,1.0
2022,KHOUALKA,CITRANGE CARRIZO,30138,IMG-00037-40.jpg,30,29,27,2,3,0.9310344827586208,0.9
2022,KHOUALKA,CITRANGE CARRIZO,30138,IMG-00040-40.jpg,41,38,38,0,3,1.0,0.926829268292683
2022,KHOUALKA,CITRANGE CARRIZO,30138,IMG-00043-40.jpg,28,23,22,1,6,0.9565217391304348,0.7857142857142857
2022,KHOUALKA,CITRANGE CARRIZO,30138,IMG-00044-40.jpg,99,81,78,3,21,0.9629629629629628,0.7878787878787878
2022,KHOUALKA,CITRANGE CARRIZO,30138,IMG-00048-40.jpg,37,30,27,3,10,0.9,0.7297297297297297
2022,KHOUALKA,CITRANGE CARRIZO,30138,IMG-00057-40.jpg,73,63,60,3,13,0.9523809523809524,0.821917808219178
2022,KHOUALKA,CITRANGE CARRIZO,30138,IMG-00063-40.jpg,89,71,66,5,23,0.9295774647887324,0.7415730337078652
2022,ONAGRI,CITRUS VOLKAMERIANA,30145,IMG-00018-39.jpg,219,208,199,9,20,0.9567307692307692,0.908675799086758
2022,ONAGRI,CITRUS VOLKAMERIANA,30145,IMG-00043-39.jpg,64,66,57,9,7,0.8636363636363636,0.890625
2022,ONAGRI,CITRUS VOLKAMERIANA,30146,IMG-00008-39.jpg,262,256,244,12,18,0.953125,0.931297709923664
2022,ONAGRI,CITRUS VOLKAMERIANA,30146,IMG-00045-39.jpg,190,190,172,18,18,0.9052631578947368,0.9052631578947368
2022,ONAGRI,CITRUS VOLKAMERIANA,30147,IMG-00002-39.jpg,269,266,243,23,26,0.9135338345864662,0.9033457249070632
2022,ONAGRI,CITRUS VOLKAMERIANA,30147,IMG-00008-39.jpg,172,167,157,10,15,0.940119760479042,0.9127906976744186
2022,ONAGRI,CITRUS VOLKAMERIANA,30148,IMG-00016-40.jpg,88,74,71,3,17,0.9594594594594594,0.8068181818181818
2022,ONAGRI,CITRUS VOLKAMERIANA,30148,IMG-00047-40.jpg,34,24,22,2,12,0.9166666666666666,0.6470588235294118
2022,ONAGRI,CITRUS VOLKAMERIANA,30149,IMG-00018-39.jpg,151,146,136,10,15,0.9315068493150684,0.9006622516556292
2022,ONAGRI,CITRUS VOLKAMERIANA,30149,IMG-00027-39.jpg,226,194,188,6,38,0.9690721649484536,0.831858407079646
2022,ONAGRI,CITRUS VOLKAMERIANA,30151,IMG-00012-39.jpg,185,171,156,15,29,0.912280701754386,0.8432432432432433
2022,ONAGRI,CITRUS VOLKAMERIANA,30151,IMG-00033-39.jpg,214,193,183,10,31,0.9481865284974094,0.8551401869158879
2024,ONAGRI,CITRUS VOLKAMERIANA,30151,IMG-21881.jpg,73,42,41,1,32,0.9761904761904762,0.5616438356164384
2024,ONAGRI,CITRUS VOLKAMERIANA,30151,IMG-21935.jpg,179,62,61,1,118,0.9838709677419356,0.3407821229050279
2024,ONAGRI,CITRUS VOLKAMERIANA,30151,IMG-21936.jpg,93,46,46,0,47,1.0,0.4946236559139785
2022,ONAGRI,CITRUS VOLKAMERIANA,30152,IMG-00016-39.jpg,39,34,28,6,11,0.8235294117647058,0.717948717948718
2022,ONAGRI,CITRUS VOLKAMERIANA,30152,IMG-00019-39.jpg,139,133,124,9,15,0.9323308270676692,0.8920863309352518
2022,ONAGRI,CITRUS VOLKAMERIANA,30153,IMG-00001.jpg,157,127,123,4,34,0.968503937007874,0.7834394904458599
2022,ONAGRI,CITRUS VOLKAMERIANA,30153,IMG-00007-39.jpg,127,93,93,0,34,1.0,0.7322834645669292
2022,ONAGRI,CITRUS VOLKAMERIANA,30153,IMG-00013-39.jpg,159,118,117,1,42,0.9915254237288136,0.7358490566037735
2022,ONAGRI,CITRUS VOLKAMERIANA,30153,IMG-00040-39.jpg,153,127,127,0,26,1.0,0.8300653594771242
2022,ONAGRI,CITRUS VOLKAMERIANA,30154,IMG-00017-39.jpg,160,128,126,2,34,0.984375,0.7875
2022,ONAGRI,CITRUS VOLKAMERIANA,30154,IMG-00027-39.jpg,220,173,172,1,48,0.9942196531791908,0.7818181818181819
2022,ONAGRI,CITRUS VOLKAMERIANA,30154,IMG-00033-39.jpg,51,46,44,2,7,0.9565217391304348,0.8627450980392157
2022,ONAGRI,CITRUS VOLKAMERIANA,30154,IMG-00036-39.jpg,137,113,111,2,26,0.9823008849557522,0.8102189781021898
2022,ONAGRI,CITRUS VOLKAMERIANA,30154,IMG-00038-39.jpg,242,222,217,5,25,0.9774774774774776,0.8966942148760331
2022,ONAGRI,CITRUS VOLKAMERIANA,30154,IMG-00041-39.jpg,272,228,225,3,47,0.986842105263158,0.8272058823529411
2022,ONAGRI,CITRUS VOLKAMERIANA,30154,IMG-00044-39.jpg,141,124,123,1,18,0.9919354838709676,0.8723404255319149
2022,ONAGRI,BIGARADIER,30155,IMG-00002-39.jpg,139,131,129,2,10,0.9847328244274808,0.9280575539568344
2022,ONAGRI,BIGARADIER,30155,IMG-00003-39.jpg,115,101,101,0,14,1.0,0.8782608695652174
2022,ONAGRI,BIGARADIER,30155,IMG-00006-39.jpg,44,38,37,1,7,0.9736842105263158,0.8409090909090909
2022,ONAGRI,BIGARADIER,30155,IMG-00011-39.jpg,100,84,83,1,17,0.988095238095238,0.83
2022,ONAGRI,BIGARADIER,30155,IMG-00019-39.jpg,142,123,122,1,20,0.991869918699187,0.8591549295774648
2022,ONAGRI,BIGARADIER,30155,IMG-00026-39.jpg,124,104,99,5,25,0.9519230769230768,0.7983870967741935
2022,ONAGRI,BIGARADIER,30155,IMG-00032-39.jpg,81,71,71,0,10,1.0,0.8765432098765432
2022,ONAGRI,BIGARADIER,30155,IMG-00039-39.jpg,19,18,17,1,2,0.9444444444444444,0.8947368421052632
2022,ONAGRI,BIGARADIER,30155,IMG-00043-39.jpg,130,116,116,0,14,1.0,0.8923076923076924
2022,ONAGRI,CITRUS VOLKAMERIANA,30157,IMG-00003-39.jpg,227,182,182,0,45,1.0,0.801762114537445
2022,ONAGRI,CITRUS VOLKAMERIANA,30157,IMG-00012-39.jpg,283,255,252,3,31,0.9882352941176472,0.8904593639575972
2022,ONAGRI,CITRUS VOLKAMERIANA,30157,IMG-00032-39.jpg,64,53,52,1,12,0.981132075471698,0.8125
2022,ONAGRI,CITRUS VOLKAMERIANA,30157,IMG-00035-39.jpg,159,127,124,3,35,0.9763779527559056,0.779874213836478
2022,KHOUALKA,CITRUS VOLKAMERIANA,30235,IMG-00001.jpg,93,82,80,2,13,0.975609756097561,0.8602150537634409
2022,KHOUALKA,CITRUS VOLKAMERIANA,30235,IMG-00003-40.jpg,37,38,35,3,2,0.9210526315789472,0.945945945945946
2022,KHOUALKA,CITRUS VOLKAMERIANA,30235,IMG-00009-40.jpg,103,89,88,1,15,0.9887640449438202,0.8543689320388349
2022,KHOUALKA,CITRUS VOLKAMERIANA,30235,IMG-00013-40.jpg,90,87,82,5,8,0.942528735632184,0.9111111111111112
2022,KHOUALKA,CITRUS VOLKAMERIANA,30235,IMG-00026-40.jpg,122,118,110,8,12,0.9322033898305084,0.9016393442622952
2022,KHOUALKA,CITRUS VOLKAMERIANA,30235,IMG-00047-40.jpg,47,40,38,2,9,0.95,0.8085106382978723
2022,KHOUALKA,CITRUS VOLKAMERIANA,30235,IMG-00048-40.jpg,90,85,81,4,9,0.9529411764705882,0.9
2022,KHOUALKA,CITRUS VOLKAMERIANA,30235,IMG-00049-40.jpg,44,41,36,5,8,0.8780487804878049,0.8181818181818182
2022,KHOUALKA,CITRUS VOLKAMERIANA,30235,IMG-00050-40.jpg,84,67,65,2,19,0.9701492537313432,0.7738095238095238
2022,KHOUALKA,CITRUS VOLKAMERIANA,30235,IMG-00052-40.jpg,98,81,80,1,18,0.9876543209876544,0.8163265306122449
2022,KHOUALKA,CITRUS VOLKAMERIANA,30235,IMG-00057-40.jpg,80,70,65,5,15,0.9285714285714286,0.8125
2022,KHOUALKA,CITRUS VOLKAMERIANA,30235,IMG-00064-40.jpg,38,43,33,10,5,0.7674418604651163,0.868421052631579
2022,KHOUALKA,CITRUS VOLKAMERIANA,30235,IMG-00067-40.jpg,107,87,84,3,23,0.9655172413793104,0.7850467289719626
2022,KHOUALKA,CITRUS VOLKAMERIANA,30235,IMG-00069-40.jpg,34,30,27,3,7,0.9,0.7941176470588235
2022,KHOUALKA,CITRUS VOLKAMERIANA,30235,IMG-00075-40.jpg,95,75,72,3,23,0.96,0.7578947368421053
2022,KHOUALKA,BIGARADIER,40141,IMG-00006-40.jpg,7,5,5,0,2,1.0,0.7142857142857143
2022,KHOUALKA,BIGARADIER,40141,IMG-00007-40.jpg,20,13,13,0,7,1.0,0.65
2022,KHOUALKA,BIGARADIER,40141,IMG-00008-40.jpg,15,10,10,0,5,1.0,0.6666666666666666
2022,ONAGRI,CITRANGE C35,40166,IMG-00009-39.jpg,38,26,26,0,12,1.0,0.6842105263157895
2022,ONAGRI,CITRANGE C35,40166,IMG-00011-39.jpg,173,141,140,1,33,0.9929078014184396,0.8092485549132948
2022,ONAGRI,CITRANGE C35,40166,IMG-00014-39.jpg,179,155,153,2,26,0.9870967741935484,0.8547486033519553
2022,ONAGRI,CITRANGE C35,40166,IMG-00015-39.jpg,122,109,105,4,17,0.963302752293578,0.860655737704918
2022,ONAGRI,CITRANGE C35,40166,IMG-00041-39.jpg,102,80,78,2,24,0.975,0.7647058823529411
2022,ONAGRI,CITRANGE C35,40167,IMG-00019-39.jpg,197,172,167,5,30,0.9709302325581396,0.8477157360406091
2022,ONAGRI,CITRANGE C35,40167,IMG-00030-39.jpg,126,100,99,1,27,0.99,0.7857142857142857
2022,ONAGRI,CITRANGE C35,40167,IMG-00039-39.jpg,217,152,150,2,67,0.986842105263158,0.6912442396313364
2022,ONAGRI,CITRANGE C35,40171,IMG-00008-39.jpg,109,90,87,3,22,0.9666666666666668,0.7981651376146789
2022,ONAGRI,CITRANGE C35,40171,IMG-00037-39.jpg,94,78,74,4,20,0.9487179487179488,0.7872340425531915
2022,ONAGRI,CITRANGE C35,40171,IMG-00040-39.jpg,149,118,114,4,35,0.9661016949152542,0.7651006711409396
2022,ONAGRI,CITRANGE C35,40172,IMG-00012-39.jpg,89,74,73,1,16,0.9864864864864864,0.8202247191011236
2022,ONAGRI,CITRANGE C35,40172,IMG-00025-39.jpg,109,84,83,1,26,0.988095238095238,0.7614678899082569
2022,ONAGRI,CITRANGE C35,40172,IMG-00027-39.jpg,103,67,67,0,36,1.0,0.6504854368932039
2022,ONAGRI,CITRANGE C35,40173,IMG-00004-39.jpg,133,93,92,1,41,0.989247311827957,0.6917293233082706
2022,ONAGRI,CITRANGE C35,40173,IMG-00008-39.jpg,57,38,37,1,20,0.9736842105263158,0.6491228070175439
2022,ONAGRI,CITRANGE C35,40173,IMG-00010-39.jpg,53,42,39,3,14,0.9285714285714286,0.7358490566037735
2022,ONAGRI,CITRANGE C35,40175,IMG-00005-39.jpg,95,78,76,2,19,0.9743589743589745,0.8
2022,ONAGRI,CITRANGE C35,40175,IMG-00006-39.jpg,64,55,53,2,11,0.9636363636363636,0.828125
2022,ONAGRI,CITRANGE C35,40176,IMG-00004-39.jpg,79,65,62,3,17,0.953846153846154,0.7848101265822784
2022,ONAGRI,CITRANGE C35,40176,IMG-00012-39.jpg,105,88,87,1,18,0.9886363636363636,0.8285714285714286
2022,ONAGRI,CITRANGE C35,40176,IMG-00014-39.jpg,91,67,67,0,24,1.0,0.7362637362637363
2022,ONAGRI,CITRUMELO SACCATON,40177,IMG-00012-39.jpg,89,70,68,2,21,0.9714285714285714,0.7640449438202247
2022,ONAGRI,CITRUMELO SACCATON,40177,IMG-00015-39.jpg,213,191,185,6,28,0.9685863874345548,0.8685446009389671
2022,ONAGRI,CITRUMELO SACCATON,40177,IMG-00037-39.jpg,95,85,82,3,13,0.9647058823529412,0.8631578947368421
2022,ONAGRI,CITRANGE C35,40178,IMG-00013-39.jpg,76,70,67,3,9,0.9571428571428572,0.881578947368421
2022,ONAGRI,CITRANGE C35,40178,IMG-00027-39.jpg,56,48,47,1,9,0.9791666666666666,0.8392857142857143
2022,ONAGRI,CITRANGE C35,40178,IMG-00031-39.jpg,30,28,28,0,2,1.0,0.9333333333333332
2022,ONAGRI,CITRANGE C35,40178,IMG-00032-39.jpg,27,23,23,0,4,1.0,0.8518518518518519
2022,ONAGRI,CITRANGE C35,40178,IMG-00033-39.jpg,34,28,28,0,6,1.0,0.8235294117647058
2022,ONAGRI,CITRANGE C35,40179,IMG-00001.jpg,83,79,75,4,8,0.9493670886075948,0.9036144578313252
2022,ONAGRI,CITRANGE C35,40179,IMG-00010-39.jpg,161,148,139,9,22,0.9391891891891893,0.8633540372670807
2022,ONAGRI,CITRANGE C35,40179,IMG-00011-39.jpg,102,92,90,2,12,0.9782608695652174,0.8823529411764706
2022,ONAGRI,CITRANGE C35,40179,IMG-00018-39.jpg,9,8,8,0,1,1.0,0.8888888888888888
2022,ONAGRI,CITRUMELO SACCATON,40182,IMG-00004-39.jpg,35,32,32,0,3,1.0,0.9142857142857144
2022,ONAGRI,CITRUMELO SACCATON,40182,IMG-00010-39.jpg,52,45,44,1,8,0.9777777777777776,0.8461538461538461
2022,ONAGRI,CITRUMELO SACCATON,40182,IMG-00015-39.jpg,85,65,65,0,20,1.0,0.7647058823529411
2022,ONAGRI,CITRUMELO SACCATON,40183,IMG-00005-39.jpg,68,57,56,1,12,0.9824561403508772,0.8235294117647058
2022,ONAGRI,CITRUMELO SACCATON,40183,IMG-00009-39.jpg,57,52,52,0,5,1.0,0.912280701754386
2022,ONAGRI,CITRUMELO SACCATON,40183,IMG-00010-39.jpg,48,39,36,3,12,0.9230769230769232,0.75
2024,KHOUALKA,CITRUS VOLKAMERIANA,50152,IMG-17274.jpg,170,116,115,1,55,0.9913793103448276,0.6764705882352942
2024,KHOUALKA,CITRUS VOLKAMERIANA,50152,IMG-17306.jpg,105,69,68,1,37,0.9855072463768116,0.6476190476190476
2024,KHOUALKA,CITRUS VOLKAMERIANA,50152,IMG-17330.jpg,41,28,28,0,13,1.0,0.6829268292682927
2024,KHOUALKA,CITRUS VOLKAMERIANA,50152,IMG-17335.jpg,44,26,26,0,18,1.0,0.5909090909090909
2024,KHOUALKA,CITRUS VOLKAMERIANA,50152,IMG-17340.jpg,108,67,65,2,43,0.9701492537313432,0.6018518518518519
2024,KHOUALKA,CITRUS VOLKAMERIANA,50152,IMG-17356.jpg,60,36,35,1,25,0.9722222222222222,0.5833333333333334
2024,KHOUALKA,CITRUS VOLKAMERIANA,50152,IMG-17384.jpg,53,22,21,1,32,0.9545454545454546,0.3962264150943396
2024,KHOUALKA,CITRUS VOLKAMERIANA,50154,IMG-17440.jpg,76,51,51,0,25,1.0,0.6710526315789473
2024,KHOUALKA,CITRUS VOLKAMERIANA,50154,IMG-17490.jpg,107,64,62,2,45,0.96875,0.5794392523364486
2024,KHOUALKA,CITRUS VOLKAMERIANA,50154,IMG-17543.jpg,100,55,55,0,45,1.0,0.55
2024,KHOUALKA,CITRUS VOLKAMERIANA,50154,IMG-17545.jpg,94,54,53,1,41,0.9814814814814816,0.5638297872340425
2024,KHOUALKA,CITRUS VOLKAMERIANA,50154,IMG-17562.jpg,129,89,88,1,41,0.9887640449438202,0.6821705426356589
2024,KHOUALKA,CITRUS VOLKAMERIANA,50154,IMG-17576.jpg,121,79,78,1,43,0.9873417721518988,0.6446280991735537
2024,KHOUALKA,CITRUS VOLKAMERIANA,50154,IMG-17585.jpg,171,93,90,3,81,0.967741935483871,0.5263157894736842
2024,KHOUALKA,CITRUS VOLKAMERIANA,50168,IMG-13980.jpg,174,95,95,0,79,1.0,0.5459770114942529
2024,KHOUALKA,CITRUS VOLKAMERIANA,50168,IMG-15749.jpg,147,89,88,1,59,0.9887640449438202,0.5986394557823129
2024,KHOUALKA,CITRUS VOLKAMERIANA,50168,IMG-15758.jpg,163,85,84,1,79,0.9882352941176472,0.5153374233128835
2024,KHOUALKA,CITRUS VOLKAMERIANA,50168,IMG-15981.jpg,210,129,128,1,82,0.992248062015504,0.6095238095238096
2024,KHOUALKA,CITRUS VOLKAMERIANA,50168,IMG-15983.jpg,120,71,71,0,49,1.0,0.5916666666666667
2024,KHOUALKA,CITRUS VOLKAMERIANA,50176,IMG-16025.jpg,81,49,49,0,32,1.0,0.6049382716049383
2024,KHOUALKA,CITRUS VOLKAMERIANA,50176,IMG-16051.jpg,85,41,41,0,44,1.0,0.4823529411764706
2024,KHOUALKA,CITRUS VOLKAMERIANA,50176,IMG-16079.jpg,161,85,85,0,76,1.0,0.5279503105590062
2024,KHOUALKA,CITRUS VOLKAMERIANA,50176,IMG-16095.jpg,101,40,40,0,61,1.0,0.3960396039603961
2024,KHOUALKA,CITRUS VOLKAMERIANA,50176,IMG-16105.jpg,43,20,19,1,24,0.95,0.4418604651162791
2022,ONAGRI,CITRUMELO SACCATON,50193,IMG-00007-39.jpg,218,196,195,1,23,0.9948979591836736,0.8944954128440367
2022,ONAGRI,CITRUMELO SACCATON,50193,IMG-00016-39.jpg,64,60,56,4,8,0.9333333333333332,0.875
2022,ONAGRI,CITRUMELO SACCATON,50193,IMG-00018-39.jpg,115,107,104,3,11,0.97196261682243,0.9043478260869564
2022,ONAGRI,CITRUMELO SACCATON,50193,IMG-00021-39.jpg,62,55,55,0,7,1.0,0.8870967741935484
2022,ONAGRI,CITRUMELO SACCATON,50193,IMG-00023-39.jpg,113,101,97,4,16,0.9603960396039604,0.8584070796460177
2022,ONAGRI,CITRUMELO SACCATON,50194,IMG-00032-39.jpg,162,131,128,3,34,0.9770992366412212,0.7901234567901234
2022,ONAGRI,CITRUMELO SACCATON,50194,IMG-00034-39.jpg,105,94,91,3,14,0.9680851063829788,0.8666666666666667
2022,ONAGRI,CITRUMELO SACCATON,50194,IMG-00036-39.jpg,161,141,138,3,23,0.9787234042553192,0.8571428571428571
2022,ONAGRI,CITRUMELO SACCATON,50194,IMG-00038-39.jpg,100,89,82,7,18,0.9213483146067416,0.82
2022,ONAGRI,CITRUMELO SACCATON,50194,IMG-00039-39.jpg,65,60,56,4,9,0.9333333333333332,0.8615384615384616
2022,ONAGRI,CITRUMELO SACCATON,50194,IMG-00041-39.jpg,153,133,129,4,24,0.9699248120300752,0.8431372549019608
2022,ONAGRI,CITRUMELO SACCATON,50194,IMG-00051-39.jpg,137,125,119,6,18,0.952,0.8686131386861314
2022,ONAGRI,CITRUMELO SACCATON,50194,IMG-00054-39.jpg,111,105,98,7,13,0.9333333333333332,0.8828828828828829
2022,ONAGRI,CITRUMELO SACCATON,51091,IMG-00015-39.jpg,85,74,74,0,11,1.0,0.8705882352941177
2022,ONAGRI,CITRUMELO SACCATON,51091,IMG-00016-39.jpg,170,148,146,2,24,0.9864864864864864,0.8588235294117647
2022,ONAGRI,CITRUMELO SACCATON,51091,IMG-00018-39.jpg,185,153,150,3,35,0.9803921568627452,0.8108108108108109
2022,ONAGRI,CITRUMELO SACCATON,51091,IMG-00022-39.jpg,135,117,114,3,21,0.9743589743589745,0.8444444444444444
2022,ONAGRI,CITRUMELO SACCATON,51091,IMG-00023-39.jpg,140,113,111,2,29,0.9823008849557522,0.7928571428571428
2022,ONAGRI,CITRUMELO SACCATON,51091,IMG-00026-39.jpg,149,130,126,4,23,0.9692307692307692,0.8456375838926175
2022,ONAGRI,CITRUMELO SACCATON,51091,IMG-00044-39.jpg,168,153,149,4,19,0.9738562091503268,0.8869047619047619
2022,ONAGRI,CITRUMELO SACCATON,51095,IMG-00004-39.jpg,201,151,150,1,51,0.9933774834437086,0.746268656716418
2022,ONAGRI,CITRUMELO SACCATON,51095,IMG-00013-39.jpg,154,122,120,2,34,0.9836065573770492,0.7792207792207793
2022,ONAGRI,CITRUMELO SACCATON,51095,IMG-00014-39.jpg,140,116,114,2,26,0.9827586206896552,0.8142857142857143
2022,ONAGRI,CITRUMELO SACCATON,51095,IMG-00015-39.jpg,196,168,165,3,31,0.9821428571428572,0.8418367346938775
2022,ONAGRI,CITRUMELO SACCATON,51095,IMG-00024-39.jpg,234,186,184,2,50,0.989247311827957,0.7863247863247863
2022,ONAGRI,CITRUMELO SACCATON,51095,IMG-00025-39.jpg,198,166,164,2,34,0.9879518072289156,0.8282828282828283
2022,ONAGRI,CITRUMELO SACCATON,51096,IMG-00009-39.jpg,219,191,184,7,35,0.9633507853403142,0.8401826484018264
2022,ONAGRI,CITRUMELO SACCATON,51096,IMG-00011-39.jpg,145,128,123,5,22,0.9609375,0.8482758620689655
2022,ONAGRI,CITRUMELO SACCATON,51096,IMG-00012-39.jpg,114,92,91,1,23,0.9891304347826086,0.7982456140350878
2022,ONAGRI,CITRUMELO SACCATON,51096,IMG-00055-39.jpg,217,176,172,4,45,0.9772727272727272,0.7926267281105991
2022,ONAGRI,MC PONSIRUCE TRIFOLIATA,51097,IMG-00025-39.jpg,121,92,87,5,34,0.9456521739130436,0.71900826446281
2022,ONAGRI,MC PONSIRUCE TRIFOLIATA,51097,IMG-00029-39.jpg,106,87,84,3,22,0.9655172413793104,0.7924528301886793
2022,ONAGRI,MC PONSIRUCE TRIFOLIATA,51097,IMG-00044-39.jpg,182,156,152,4,30,0.9743589743589745,0.8351648351648352
2022,ONAGRI,MC PONSIRUCE TRIFOLIATA,51098,IMG-00003-39.jpg,65,60,57,3,8,0.95,0.8769230769230769
2022,ONAGRI,MC PONSIRUCE TRIFOLIATA,51098,IMG-00010-39.jpg,184,147,145,2,39,0.9863945578231292,0.7880434782608695
2022,ONAGRI,MC PONSIRUCE TRIFOLIATA,51098,IMG-00015-39.jpg,162,137,134,3,28,0.978102189781022,0.8271604938271605
2022,ONAGRI,MC PONSIRUCE TRIFOLIATA,51099,IMG-00012-39.jpg,133,119,113,6,20,0.9495798319327732,0.849624060150376
2024,ONAGRI,MC PONSIRUCE TRIFOLIATA,51101,IMG-12118.jpg,177,101,101,0,76,1.0,0.5706214689265536
2024,ONAGRI,MC PONSIRUCE TRIFOLIATA,51101,IMG-14223.jpg,153,100,99,1,54,0.99,0.6470588235294118
2024,ONAGRI,MC PONSIRUCE TRIFOLIATA,51101,IMG-14226.jpg,151,89,88,1,63,0.9887640449438202,0.5827814569536424
2024,ONAGRI,MC PONSIRUCE TRIFOLIATA,51101,IMG-14255.jpg,189,125,123,2,66,0.984,0.6507936507936508
2024,ONAGRI,MC PONSIRUCE TRIFOLIATA,51101,IMG-14281.jpg,150,99,97,2,53,0.9797979797979798,0.6466666666666666
2022,ONAGRI,CITRUS VOLKAMERIANA,101020,IMG-00001.jpg,6,5,5,0,1,1.0,0.8333333333333334
2022,ONAGRI,CITRUS VOLKAMERIANA,101020,IMG-00004-44.jpg,53,28,28,0,25,1.0,0.5283018867924528
2022,ONAGRI,CITRUS VOLKAMERIANA,101030,IMG-00003-44.jpg,29,23,23,0,6,1.0,0.7931034482758621
2022,ONAGRI,CITRUS VOLKAMERIANA,101030,IMG-00004-44.jpg,110,70,69,1,41,0.9857142857142858,0.6272727272727273
2022,ONAGRI,CITRUS VOLKAMERIANA,101030,IMG-00005-44.jpg,134,87,86,1,48,0.9885057471264368,0.6417910447761194
2022,ONAGRI,CITRUS VOLKAMERIANA,101030,IMG-00017-44.jpg,79,41,40,1,39,0.975609756097561,0.5063291139240507
2022,ONAGRI,CITRUS VOLKAMERIANA,101040,IMG-00005-44.jpg,172,115,111,4,61,0.9652173913043478,0.6453488372093024
2022,ONAGRI,CITRUS VOLKAMERIANA,101040,IMG-00009-44.jpg,131,76,74,2,57,0.9736842105263158,0.5648854961832062
2022,ONAGRI,CITRUS VOLKAMERIANA,101040,IMG-00011-44.jpg,64,32,31,1,33,0.96875,0.484375
2022,ONAGRI,CITRUS VOLKAMERIANA,101040,IMG-00012-44.jpg,139,74,70,4,69,0.945945945945946,0.5035971223021583
2022,ONAGRI,CITRUS VOLKAMERIANA,101050,IMG-00002-44.jpg,95,62,61,1,34,0.9838709677419356,0.6421052631578947
2022,ONAGRI,CITRUS VOLKAMERIANA,101050,IMG-00005-44.jpg,59,39,38,1,21,0.9743589743589745,0.6440677966101694
2022,ONAGRI,CITRUS VOLKAMERIANA,101050,IMG-00011-44.jpg,46,16,16,0,30,1.0,0.3478260869565217
2022,ONAGRI,CITRUS VOLKAMERIANA,101050,IMG-00024-44.jpg,40,18,18,0,22,1.0,0.45
2022,ONAGRI,CITRUS VOLKAMERIANA,101080,IMG-00005-44.jpg,42,19,18,1,24,0.9473684210526316,0.4285714285714285
2022,ONAGRI,CITRUS VOLKAMERIANA,101080,IMG-00006-44.jpg,79,42,42,0,37,1.0,0.5316455696202531
2022,ONAGRI,CITRUS VOLKAMERIANA,101080,IMG-00023-44.jpg,7,4,4,0,3,1.0,0.5714285714285714
2022,ONAGRI,CITRUS VOLKAMERIANA,101080,IMG-00024-44.jpg,27,11,11,0,16,1.0,0.4074074074074074
2022,ONAGRI,CITRUS VOLKAMERIANA,101090,IMG-00003-44.jpg,66,47,46,1,20,0.9787234042553192,0.696969696969697
2022,ONAGRI,CITRUS VOLKAMERIANA,101090,IMG-00006-44.jpg,41,18,17,1,24,0.9444444444444444,0.4146341463414634
2022,ONAGRI,CITRUS VOLKAMERIANA,101090,IMG-00019-44.jpg,35,20,19,1,16,0.95,0.5428571428571428
2022,ONAGRI,CITRUS VOLKAMERIANA,101090,IMG-00020-44.jpg,42,22,21,1,21,0.9545454545454546,0.5
2022,KHOUALKA,CITRANGE CARRIZO,102130,IMG-00001.jpg,5,0,0,0,5,0.0,0.0
2022,KHOUALKA,CITRANGE CARRIZO,102130,IMG-00004-43.jpg,24,6,5,1,19,0.8333333333333334,0.2083333333333333
2022,KHOUALKA,CITRANGE CARRIZO,102130,IMG-00019-43.jpg,33,16,15,1,18,0.9375,0.4545454545454545
2022,KHOUALKA,CITRANGE CARRIZO,102130,IMG-00020-43.jpg,18,11,9,2,9,0.8181818181818182,0.5
2022,KHOUALKA,MACROPHYLLA,201180,IMG-00007-43.jpg,38,17,16,1,22,0.9411764705882352,0.4210526315789473
2022,KHOUALKA,MACROPHYLLA,201180,IMG-00011-43.jpg,64,21,21,0,43,1.0,0.328125
2022,KHOUALKA,MACROPHYLLA,201180,IMG-00019-43.jpg,64,21,21,0,43,1.0,0.328125
2022,KHOUALKA,MACROPHYLLA,201180,IMG-00020-43.jpg,43,20,20,0,23,1.0,0.4651162790697674
2022,KHOUALKA,MACROPHYLLA,201190,IMG-00004-43.jpg,101,30,28,2,73,0.9333333333333332,0.2772277227722773
2022,KHOUALKA,MACROPHYLLA,201190,IMG-00010-43.jpg,90,25,25,0,65,1.0,0.2777777777777778
2022,KHOUALKA,MACROPHYLLA,201190,IMG-00011-43.jpg,134,34,34,0,100,1.0,0.2537313432835821
2022,KHOUALKA,MACROPHYLLA,201190,IMG-00020-43.jpg,95,30,30,0,65,1.0,0.3157894736842105
2022,KHOUALKA,CITRUS VOLKAMERIANA,201210,IMG-00011-43.jpg,103,43,43,0,60,1.0,0.4174757281553398
2022,KHOUALKA,CITRUS VOLKAMERIANA,201210,IMG-00012-43.jpg,42,12,12,0,30,1.0,0.2857142857142857
2022,KHOUALKA,CITRUS VOLKAMERIANA,201210,IMG-00015-43.jpg,77,31,31,0,46,1.0,0.4025974025974026
2022,KHOUALKA,CITRUS VOLKAMERIANA,201210,IMG-00019-43.jpg,31,13,13,0,18,1.0,0.4193548387096774
2022,KHOUALKA,BIGARADIER,201320,IMG-00006-43.jpg,87,31,31,0,56,1.0,0.3563218390804598
2022,KHOUALKA,BIGARADIER,201320,IMG-00016-43.jpg,97,56,54,2,43,0.9642857142857144,0.5567010309278351
2022,KHOUALKA,BIGARADIER,201320,IMG-00017-43.jpg,49,22,22,0,27,1.0,0.4489795918367347
2022,KHOUALKA,BIGARADIER,201320,IMG-00020-43.jpg,88,41,41,0,47,1.0,0.4659090909090909
2022,ONAGRI,BIGARADIER,201390,IMG-00008-44.jpg,62,24,23,1,39,0.9583333333333334,0.3709677419354839
2022,ONAGRI,BIGARADIER,201390,IMG-00011-44.jpg,90,33,32,1,58,0.9696969696969696,0.3555555555555556
2022,ONAGRI,BIGARADIER,201390,IMG-00013-44.jpg,77,17,17,0,60,1.0,0.2207792207792208
2022,ONAGRI,BIGARADIER,201390,IMG-00016-44.jpg,69,21,21,0,48,1.0,0.3043478260869565
2022,KHOUALKA,CITRUS VOLKAMERIANA,202050,IMG-00006-43.jpg,89,28,27,1,62,0.9642857142857144,0.303370786516854
2022,KHOUALKA,CITRUS VOLKAMERIANA,202050,IMG-00010-43.jpg,94,32,32,0,62,1.0,0.3404255319148936
2022,KHOUALKA,CITRUS VOLKAMERIANA,202050,IMG-00011-43.jpg,151,62,61,1,90,0.9838709677419356,0.4039735099337748
2022,KHOUALKA,CITRUS VOLKAMERIANA,202050,IMG-00020-43.jpg,129,39,39,0,90,1.0,0.3023255813953488
2022,KHOUALKA,CITRUS VOLKAMERIANA,202070,IMG-00006-43.jpg,68,23,23,0,45,1.0,0.3382352941176471
2022,KHOUALKA,CITRUS VOLKAMERIANA,202070,IMG-00009-43.jpg,120,40,39,1,81,0.975,0.325
2022,KHOUALKA,CITRUS VOLKAMERIANA,202070,IMG-00013-43.jpg,95,34,34,0,61,1.0,0.3578947368421053
2022,KHOUALKA,CITRUS VOLKAMERIANA,202070,IMG-00019-43.jpg,57,22,22,0,35,1.0,0.3859649122807017
2022,KHOUALKA,CITRUS VOLKAMERIANA,202080,IMG-00005-43.jpg,65,34,32,2,33,0.9411764705882352,0.4923076923076923
2022,KHOUALKA,CITRUS VOLKAMERIANA,202080,IMG-00008-43.jpg,31,16,16,0,15,1.0,0.5161290322580645
2022,KHOUALKA,CITRUS VOLKAMERIANA,202080,IMG-00015-43.jpg,220,61,60,1,160,0.9836065573770492,0.2727272727272727
2022,KHOUALKA,CITRUS VOLKAMERIANA,202080,IMG-00016-43.jpg,131,49,49,0,82,1.0,0.3740458015267176
2022,KHOUALKA,CITRANGE CARRIZO,301380,IMG-00007-43.jpg,30,7,7,0,23,1.0,0.2333333333333333
2022,KHOUALKA,CITRANGE CARRIZO,301380,IMG-00011-43.jpg,53,26,26,0,27,1.0,0.4905660377358491
2022,KHOUALKA,CITRANGE CARRIZO,301380,IMG-00014-43.jpg,7,3,3,0,4,1.0,0.4285714285714285
2022,KHOUALKA,CITRANGE CARRIZO,301380,IMG-00020-43.jpg,91,33,32,1,59,0.9696969696969696,0.3516483516483517
2022,ONAGRI,CITRUS VOLKAMERIANA,301470,IMG-00003-44.jpg,148,67,67,0,81,1.0,0.4527027027027027
2022,ONAGRI,CITRUS VOLKAMERIANA,301470,IMG-00004-44.jpg,163,52,52,0,111,1.0,0.3190184049079755
2022,ONAGRI,CITRUS VOLKAMERIANA,301470,IMG-00005-44.jpg,160,42,41,1,119,0.9761904761904762,0.25625
2022,ONAGRI,CITRUS VOLKAMERIANA,301480,IMG-00001.jpg,92,21,21,0,71,1.0,0.2282608695652174
2022,ONAGRI,CITRUS VOLKAMERIANA,301480,IMG-00003-43.jpg,26,6,6,0,20,1.0,0.2307692307692308
2022,ONAGRI,CITRUS VOLKAMERIANA,301480,IMG-00012-43.jpg,50,10,10,0,40,1.0,0.2
2022,ONAGRI,CITRUS VOLKAMERIANA,301480,IMG-00014-43.jpg,77,21,21,0,56,1.0,0.2727272727272727
2022,ONAGRI,CITRUS VOLKAMERIANA,301490,IMG-00005-44.jpg,108,30,29,1,79,0.9666666666666668,0.2685185185185185
2022,ONAGRI,CITRUS VOLKAMERIANA,301490,IMG-00009-44.jpg,185,53,51,2,134,0.9622641509433962,0.2756756756756757
2022,ONAGRI,CITRUS VOLKAMERIANA,301490,IMG-00012-44.jpg,162,47,47,0,115,1.0,0.2901234567901235
2022,ONAGRI,CITRUS VOLKAMERIANA,301490,IMG-00015-44.jpg,109,31,31,0,78,1.0,0.2844036697247707
2022,ONAGRI,CITRUS VOLKAMERIANA,301510,IMG-00001.jpg,252,75,75,0,177,1.0,0.2976190476190476
2022,ONAGRI,CITRUS VOLKAMERIANA,301510,IMG-00006-44.jpg,137,42,42,0,95,1.0,0.3065693430656934
2022,ONAGRI,CITRUS VOLKAMERIANA,301510,IMG-00007-44.jpg,115,31,31,0,84,1.0,0.2695652173913043
2022,ONAGRI,CITRUS VOLKAMERIANA,301510,IMG-00008-44.jpg,150,49,49,0,101,1.0,0.3266666666666667
2022,ONAGRI,BIGARADIER,301550,IMG-00008-44.jpg,144,50,50,0,94,1.0,0.3472222222222222
2022,ONAGRI,BIGARADIER,301550,IMG-00011-44.jpg,40,13,13,0,27,1.0,0.325
2022,ONAGRI,BIGARADIER,301550,IMG-00013-44.jpg,76,20,20,0,56,1.0,0.2631578947368421
2022,ONAGRI,BIGARADIER,301550,IMG-00014-44.jpg,80,21,20,1,60,0.9523809523809524,0.25
2022,ONAGRI,CITRUS VOLKAMERIANA,301570,IMG-00004-44.jpg,158,46,46,0,112,1.0,0.2911392405063291
2022,ONAGRI,CITRUS VOLKAMERIANA,301570,IMG-00007-44.jpg,152,46,45,1,107,0.9782608695652174,0.2960526315789473
2022,ONAGRI,CITRUS VOLKAMERIANA,301570,IMG-00008-44.jpg,103,28,27,1,76,0.9642857142857144,0.2621359223300971
2022,ONAGRI,CITRUS VOLKAMERIANA,301570,IMG-00017-44.jpg,218,67,66,1,152,0.9850746268656716,0.3027522935779817
2022,KHOUALKA,CITRUS VOLKAMERIANA,302340,IMG-00004-43.jpg,106,39,39,0,67,1.0,0.3679245283018868
2022,KHOUALKA,CITRUS VOLKAMERIANA,302340,IMG-00005-43.jpg,105,46,45,1,60,0.9782608695652174,0.4285714285714285
2022,KHOUALKA,CITRUS VOLKAMERIANA,302340,IMG-00011-43.jpg,75,22,21,1,54,0.9545454545454546,0.28
2022,KHOUALKA,CITRUS VOLKAMERIANA,302340,IMG-00015-43.jpg,92,15,15,0,77,1.0,0.1630434782608696
2022,KHOUALKA,CITRUS VOLKAMERIANA,302350,IMG-00008-43.jpg,33,13,13,0,20,1.0,0.3939393939393939
2022,KHOUALKA,CITRUS VOLKAMERIANA,302350,IMG-00013-43.jpg,80,31,31,0,49,1.0,0.3875
2022,KHOUALKA,CITRUS VOLKAMERIANA,302350,IMG-00014-43.jpg,76,27,27,0,49,1.0,0.3552631578947368
2022,KHOUALKA,CITRUS VOLKAMERIANA,302350,IMG-00018-43.jpg,44,20,20,0,24,1.0,0.4545454545454545
2022,KHOUALKA,CITRUS VOLKAMERIANA,302360,IMG-00005-43.jpg,97,16,16,0,81,1.0,0.1649484536082474
2022,KHOUALKA,CITRUS VOLKAMERIANA,302360,IMG-00006-43.jpg,118,25,25,0,93,1.0,0.211864406779661
2022,KHOUALKA,CITRUS VOLKAMERIANA,302360,IMG-00016-43.jpg,67,19,19,0,48,1.0,0.2835820895522388
2022,KHOUALKA,CITRUS VOLKAMERIANA,302360,IMG-00021-43.jpg,65,26,25,1,40,0.9615384615384616,0.3846153846153846
2022,KHOUALKA,CITRUS VOLKAMERIANA,302510,IMG-00001.jpg,73,19,19,0,54,1.0,0.2602739726027397
2022,KHOUALKA,CITRUS VOLKAMERIANA,302510,IMG-00002-43.jpg,44,6,6,0,38,1.0,0.1363636363636364
2022,KHOUALKA,CITRUS VOLKAMERIANA,302510,IMG-00003-43.jpg,78,30,29,1,49,0.9666666666666668,0.3717948717948718
2022,KHOUALKA,CITRUS VOLKAMERIANA,302510,IMG-00015-43.jpg,49,19,17,2,32,0.8947368421052632,0.3469387755102041
2022,KHOUALKA,BIGARADIER,401410,IMG-00093-43.jpg,35,14,14,0,21,1.0,0.4
2022,KHOUALKA,BIGARADIER,401410,IMG-00099-43.jpg,6,1,1,0,5,1.0,0.1666666666666667
2022,KHOUALKA,BIGARADIER,401410,IMG-00102-43.jpg,78,21,21,0,57,1.0,0.2692307692307692
2022,KHOUALKA,BIGARADIER,401410,IMG-00104-43.jpg,81,16,16,0,65,1.0,0.1975308641975309
2022,ONAGRI,CITRANGE C35,401660,IMG-00001.jpg,56,25,25,0,31,1.0,0.4464285714285715
2022,ONAGRI,CITRANGE C35,401660,IMG-00008-44.jpg,42,14,14,0,28,1.0,0.3333333333333333
2022,ONAGRI,CITRANGE C35,401660,IMG-00010-44.jpg,29,17,16,1,13,0.9411764705882352,0.5517241379310345
2022,ONAGRI,CITRANGE C35,401660,IMG-00016-44.jpg,64,21,21,0,43,1.0,0.328125
2022,ONAGRI,CITRANGE C35,401710,IMG-00003-44.jpg,51,17,17,0,34,1.0,0.3333333333333333
2022,ONAGRI,CITRANGE C35,401710,IMG-00012-44.jpg,19,8,7,1,12,0.875,0.3684210526315789
2022,ONAGRI,CITRANGE C35,401710,IMG-00013-44.jpg,33,20,19,1,14,0.95,0.5757575757575758
2022,ONAGRI,CITRANGE C35,401710,IMG-00019-44.jpg,76,35,33,2,43,0.9428571428571428,0.4342105263157895
2022,ONAGRI,CITRANGE C35,401720,IMG-00007-44.jpg,93,49,44,5,49,0.8979591836734694,0.4731182795698925
2022,ONAGRI,CITRANGE C35,401720,IMG-00008-44.jpg,38,22,21,1,17,0.9545454545454546,0.5526315789473685
2022,ONAGRI,CITRANGE C35,401720,IMG-00010-44.jpg,50,18,17,1,33,0.9444444444444444,0.34
2022,ONAGRI,CITRANGE C35,401720,IMG-00017-44.jpg,68,28,27,1,41,0.9642857142857144,0.3970588235294117
2022,ONAGRI,CITRANGE C35,401730,IMG-00001.jpg,19,1,1,0,18,1.0,0.0526315789473684
2022,ONAGRI,CITRANGE C35,401730,IMG-00010-44.jpg,50,21,21,0,29,1.0,0.42
2022,ONAGRI,CITRANGE C35,401730,IMG-00013-44.jpg,75,45,44,1,31,0.9777777777777776,0.5866666666666667
2022,ONAGRI,CITRANGE C35,401730,IMG-00016-44.jpg,36,13,13,0,23,1.0,0.3611111111111111
2022,ONAGRI,CITRANGE C35,401750,IMG-00005-44.jpg,88,19,19,0,69,1.0,0.2159090909090909
2022,ONAGRI,CITRANGE C35,401750,IMG-00009-44.jpg,127,49,47,2,80,0.9591836734693876,0.3700787401574803
2022,ONAGRI,CITRANGE C35,401750,IMG-00016-44.jpg,107,36,36,0,71,1.0,0.3364485981308411
2022,ONAGRI,CITRANGE C35,401750,IMG-00024-44.jpg,50,16,16,0,34,1.0,0.32
2022,ONAGRI,CITRUMELO SACCATON,401770,IMG-00003-44.jpg,24,12,12,0,12,1.0,0.5
2022,ONAGRI,CITRUMELO SACCATON,401770,IMG-00008-44.jpg,72,31,30,1,42,0.967741935483871,0.4166666666666667
2022,ONAGRI,CITRUMELO SACCATON,401770,IMG-00009-44.jpg,14,4,4,0,10,1.0,0.2857142857142857
2022,ONAGRI,CITRUMELO SACCATON,401770,IMG-00017-44.jpg,20,14,11,3,9,0.7857142857142857,0.55
2022,KHOUALKA,BIGARADIER,402440,IMG-00005-43.jpg,17,0,0,0,17,0.0,0.0
2022,KHOUALKA,BIGARADIER,402440,IMG-00012-43.jpg,46,15,15,0,31,1.0,0.3260869565217391
2022,KHOUALKA,BIGARADIER,402440,IMG-00014-43.jpg,11,2,2,0,9,1.0,0.1818181818181818
2022,KHOUALKA,BIGARADIER,402440,IMG-00015-43.jpg,22,6,6,0,16,1.0,0.2727272727272727
2022,KHOUALKA,BIGARADIER,402590,IMG-00007-43.jpg,104,31,31,0,73,1.0,0.2980769230769231
2022,KHOUALKA,BIGARADIER,402590,IMG-00012-43.jpg,45,12,12,0,33,1.0,0.2666666666666667
2022,KHOUALKA,BIGARADIER,402590,IMG-00015-43.jpg,58,20,18,2,40,0.9,0.3103448275862069
2022,KHOUALKA,BIGARADIER,402590,IMG-00019-43.jpg,64,31,30,1,34,0.967741935483871,0.46875
2022,KHOUALKA,CITRUS VOLKAMERIANA,501520,IMG-00004-43.jpg,39,12,12,0,27,1.0,0.3076923076923077
2022,KHOUALKA,CITRUS VOLKAMERIANA,501520,IMG-00007-43.jpg,43,16,15,1,28,0.9375,0.3488372093023256
2022,KHOUALKA,CITRUS VOLKAMERIANA,501520,IMG-00015-43.jpg,18,6,6,0,12,1.0,0.3333333333333333
2022,KHOUALKA,CITRUS VOLKAMERIANA,501520,IMG-00020-43.jpg,48,22,22,0,26,1.0,0.4583333333333333
2022,KHOUALKA,CITRUS VOLKAMERIANA,501540,IMG-00006-43.jpg,38,21,21,0,17,1.0,0.5526315789473685
2022,KHOUALKA,CITRUS VOLKAMERIANA,501540,IMG-00012-43.jpg,102,33,33,0,69,1.0,0.3235294117647059
2022,KHOUALKA,CITRUS VOLKAMERIANA,501540,IMG-00017-43.jpg,138,37,36,1,102,0.972972972972973,0.2608695652173913
2022,KHOUALKA,CITRUS VOLKAMERIANA,501540,IMG-00018-43.jpg,51,20,19,1,32,0.95,0.3725490196078431
2022,KHOUALKA,CITRUS VOLKAMERIANA,501660,IMG-00006-43.jpg,60,22,21,1,39,0.9545454545454546,0.35
2022,KHOUALKA,CITRUS VOLKAMERIANA,501660,IMG-00016-43.jpg,63,23,22,1,41,0.9565217391304348,0.3492063492063492
2022,KHOUALKA,CITRUS VOLKAMERIANA,501660,IMG-00018-43.jpg,112,43,42,1,70,0.9767441860465116,0.375
2022,KHOUALKA,CITRUS VOLKAMERIANA,501660,IMG-00021-43.jpg,90,39,39,0,51,1.0,0.4333333333333333
2022,KHOUALKA,CITRUS VOLKAMERIANA,501680,IMG-00005-43.jpg,179,62,62,0,117,1.0,0.3463687150837989
2022,KHOUALKA,CITRUS VOLKAMERIANA,501680,IMG-00011-43.jpg,101,33,33,0,68,1.0,0.3267326732673267
2022,KHOUALKA,CITRUS VOLKAMERIANA,501680,IMG-00012-43.jpg,76,19,17,2,59,0.8947368421052632,0.2236842105263158
2022,KHOUALKA,CITRUS VOLKAMERIANA,501680,IMG-00016-43.jpg,113,47,45,2,68,0.9574468085106383,0.3982300884955752
2022,KHOUALKA,CITRUS VOLKAMERIANA,501690,IMG-00032-43.jpg,34,7,6,1,28,0.8571428571428571,0.1764705882352941
2022,KHOUALKA,CITRUS VOLKAMERIANA,501690,IMG-00039-43.jpg,186,58,57,1,129,0.9827586206896552,0.3064516129032258
2022,KHOUALKA,CITRUS VOLKAMERIANA,501690,IMG-00047-43.jpg,103,29,28,1,75,0.9655172413793104,0.2718446601941747
2022,KHOUALKA,CITRUS VOLKAMERIANA,501690,IMG-00049-43.jpg,166,57,57,0,109,1.0,0.3433734939759036
2022,KHOUALKA,CITRUS VOLKAMERIANA,501760,IMG-00001.jpg,94,16,16,0,78,1.0,0.1702127659574468
2022,KHOUALKA,CITRUS VOLKAMERIANA,501760,IMG-00034-43.jpg,45,6,6,0,39,1.0,0.1333333333333333
2022,KHOUALKA,CITRUS VOLKAMERIANA,501760,IMG-00036-43.jpg,40,5,4,1,36,0.8,0.1
2022,KHOUALKA,CITRUS VOLKAMERIANA,501760,IMG-00051-43.jpg,92,20,20,0,72,1.0,0.2173913043478261
2022,ONAGRI,CITRUMELO SACCATON,510910,IMG-00004-44.jpg,73,32,32,0,41,1.0,0.4383561643835616
2022,ONAGRI,CITRUMELO SACCATON,510910,IMG-00008-44.jpg,152,54,53,1,99,0.9814814814814816,0.3486842105263158
2022,ONAGRI,CITRUMELO SACCATON,510910,IMG-00010-44.jpg,107,47,44,3,63,0.9361702127659576,0.411214953271028
2022,ONAGRI,CITRUMELO SACCATON,510910,IMG-00011-44.jpg,92,39,38,1,54,0.9743589743589745,0.4130434782608696
2022,ONAGRI,CITRUMELO SACCATON,510950,IMG-00006-44.jpg,70,38,38,0,32,1.0,0.5428571428571428
2022,ONAGRI,CITRUMELO SACCATON,510950,IMG-00008-44.jpg,75,36,36,0,39,1.0,0.48
2022,ONAGRI,CITRUMELO SACCATON,510950,IMG-00009-44.jpg,85,40,40,0,45,1.0,0.4705882352941176
2022,ONAGRI,CITRUMELO SACCATON,510950,IMG-00011-44.jpg,135,69,69,0,66,1.0,0.5111111111111111
2022,ONAGRI,MC PONSIRUCE TRIFOLIATA,510980,IMG-00014-44.jpg,67,26,25,1,42,0.9615384615384616,0.373134328358209
2022,ONAGRI,MC PONSIRUCE TRIFOLIATA,510980,IMG-00015-44.jpg,51,29,28,1,23,0.9655172413793104,0.5490196078431373
2022,ONAGRI,MC PONSIRUCE TRIFOLIATA,510980,IMG-00016-44.jpg,99,46,46,0,53,1.0,0.4646464646464646
2022,ONAGRI,MC PONSIRUCE TRIFOLIATA,510980,IMG-00019-44.jpg,102,45,44,1,58,0.9777777777777776,0.4313725490196079
2022,ONAGRI,MC PONSIRUCE TRIFOLIATA,510990,IMG-00006-44.jpg,135,63,63,0,72,1.0,0.4666666666666667
2022,ONAGRI,MC PONSIRUCE TRIFOLIATA,510990,IMG-00008-44.jpg,110,55,55,0,55,1.0,0.5
2022,ONAGRI,MC PONSIRUCE TRIFOLIATA,510990,IMG-00009-44.jpg,85,44,43,1,42,0.9772727272727272,0.5058823529411764
2022,ONAGRI,MC PONSIRUCE TRIFOLIATA,510990,IMG-00024-44.jpg,65,27,27,0,38,1.0,0.4153846153846154
2022,ONAGRI,MC PONSIRUCE TRIFOLIATA,511030,IMG-00007-44.jpg,100,65,63,2,37,0.9692307692307692,0.63
2022,ONAGRI,MC PONSIRUCE TRIFOLIATA,511030,IMG-00016-44.jpg,63,35,35,0,28,1.0,0.5555555555555556
2022,ONAGRI,MC PONSIRUCE TRIFOLIATA,511030,IMG-00022-44.jpg,98,66,63,3,35,0.9545454545454546,0.6428571428571429
2022,ONAGRI,MC PONSIRUCE TRIFOLIATA,511030,IMG-00027-44.jpg,82,59,55,4,27,0.9322033898305084,0.6707317073170732
2022,ONAGRI,MS PONSIRUCE TRIFOLIATA,511040,IMG-00004-44.jpg,77,47,47,0,30,1.0,0.6103896103896104
2022,ONAGRI,MS PONSIRUCE TRIFOLIATA,511040,IMG-00014-44.jpg,48,32,30,2,18,0.9375,0.625
2022,ONAGRI,MS PONSIRUCE TRIFOLIATA,511040,IMG-00016-44.jpg,71,35,34,1,37,0.9714285714285714,0.4788732394366197
2022,ONAGRI,MS PONSIRUCE TRIFOLIATA,511040,IMG-00025-44.jpg,56,25,24,1,32,0.96,0.4285714285714285
2022,ONAGRI,FUZHU,511050,IMG-00004-44.jpg,109,52,50,2,59,0.9615384615384616,0.4587155963302753
2022,ONAGRI,FUZHU,511050,IMG-00006-44.jpg,142,69,67,2,75,0.9710144927536232,0.4718309859154929
2022,ONAGRI,FUZHU,511050,IMG-00011-44.jpg,172,100,95,5,77,0.95,0.5523255813953488
2022,ONAGRI,FUZHU,511050,IMG-00022-44.jpg,194,112,109,3,85,0.9732142857142856,0.5618556701030928
2022,ONAGRI,MS PONSIRUCE TRIFOLIATA,511060,IMG-00007-44.jpg,115,61,60,1,55,0.9836065573770492,0.5217391304347826
2022,ONAGRI,MS PONSIRUCE TRIFOLIATA,511060,IMG-00016-44.jpg,102,45,42,3,60,0.9333333333333332,0.4117647058823529
2022,ONAGRI,MS PONSIRUCE TRIFOLIATA,511060,IMG-00017-44.jpg,59,18,18,0,41,1.0,0.3050847457627119
2022,ONAGRI,MS PONSIRUCE TRIFOLIATA,511060,IMG-00019-44.jpg,108,51,48,3,60,0.9411764705882352,0.4444444444444444
2022,ONAGRI,FUZHU,511070,IMG-00006-44.jpg,82,50,50,0,32,1.0,0.6097560975609756
2022,ONAGRI,FUZHU,511070,IMG-00016-44.jpg,96,37,36,1,60,0.972972972972973,0.375
2022,ONAGRI,FUZHU,511070,IMG-00018-44.jpg,93,45,44,1,49,0.9777777777777776,0.4731182795698925
2022,ONAGRI,FUZHU,511070,IMG-00019-44.jpg,142,65,63,2,79,0.9692307692307692,0.4436619718309859
