compagnie,Domaine,Porte-greffe,parcelle,Filename,True_count,detect_count,TP,FP,FN,Precision,Recall
2022,SAOUDA,BIGARADIER,10010,IMG-00011-45.jpg,28,28,27,1,1,0.9642857142857144,0.9642857142857144
2022,SAOUDA,BIGARADIER,10010,IMG-00012-45.jpg,27,28,26,2,1,0.9285714285714286,0.9629629629629628
2022,SAOUDA,BIGARADIER,10010,IMG-00014-45.jpg,50,52,48,4,2,0.9230769230769232,0.96
2022,SAOUDA,BIGARADIER,10010,IMG-00018-45.jpg,30,29,28,1,2,0.9655172413793104,0.9333333333333332
2022,SAOUDA,BIGARADIER,10010,IMG-00020-45.jpg,31,29,28,1,3,0.9655172413793104,0.9032258064516128
2024,SAOUDA,BIGARADIER,10010,IMG-23410.jpg,85,22,21,1,64,0.9545454545454546,0.2470588235294118
2024,SAOUDA,BIGARADIER,10010,IMG-23417.jpg,86,31,31,0,55,1.0,0.3604651162790697
2024,SAOUDA,BIGARADIER,10010,IMG-23430.jpg,74,33,33,0,41,1.0,0.4459459459459459
2024,SAOUDA,BIGARADIER,10010,IMG-23647.jpg,95,33,33,0,62,1.0,0.3473684210526316
2024,SAOUDA,BIGARADIER,10010,IMG-23672.jpg,47,9,8,1,39,0.8888888888888888,0.1702127659574468
2024,SAOUDA,BIGARADIER,10010,IMG-23707.jpg,30,17,17,0,13,1.0,0.5666666666666667
2024,SAOUDA,BIGARADIER,10010,IMG-23709.jpg,31,11,11,0,20,1.0,0.3548387096774194
2024,SAOUDA,BIGARADIER,10010,IMG-23711.jpg,79,19,19,0,60,1.0,0.2405063291139241
2022,SAOUDA,MACROPHYLLA,10030,IMG-00158-45.jpg,101,97,88,9,13,0.9072164948453608,0.8712871287128713
2022,SAOUDA,MACROPHYLLA,10030,IMG-00159-45.jpg,155,150,136,14,19,0.9066666666666666,0.8774193548387097
2022,SAOUDA,MACROPHYLLA,10030,IMG-00162-45.jpg,119,117,112,5,7,0.9572649572649572,0.9411764705882352
2022,SAOUDA,MACROPHYLLA,10030,IMG-00169-45.jpg,72,72,67,5,5,0.9305555555555556,0.9305555555555556
2022,SAOUDA,MACROPHYLLA,10031,IMG-00002-45.jpg,46,42,38,4,8,0.9047619047619048,0.8260869565217391
2022,SAOUDA,MACROPHYLLA,10031,IMG-00084-45.jpg,41,36,33,3,8,0.9166666666666666,0.8048780487804879
2022,SAOUDA,MACROPHYLLA,10031,IMG-00450-45.jpg,27,27,26,1,1,0.9629629629629628,0.9629629629629628
2022,SAOUDA,MACROPHYLLA,10031,IMG-00451-45.jpg,34,30,28,2,6,0.9333333333333332,0.8235294117647058
2022,SAOUDA,MACROPHYLLA,10031,IMG-00464-45.jpg,33,33,30,3,3,0.9090909090909092,0.9090909090909092
2022,ONAGRI,CITRUS VOLKAMERIANA,10101,IMG-00003-39.jpg,120,126,115,11,5,0.9126984126984128,0.9583333333333334
2022,ONAGRI,CITRUS VOLKAMERIANA,10101,IMG-00010-39.jpg,85,86,82,4,3,0.9534883720930232,0.9647058823529412
2024,ONAGRI,CITRUS VOLKAMERIANA,10101,IMG-10523.jpg,288,226,222,4,66,0.9823008849557522,0.7708333333333334
2024,ONAGRI,CITRUS VOLKAMERIANA,10101,IMG-10545.jpg,98,82,79,3,19,0.9634146341463414,0.8061224489795918
2024,ONAGRI,CITRUS VOLKAMERIANA,10101,IMG-10558.jpg,143,100,95,5,48,0.95,0.6643356643356644
2022,ONAGRI,CITRUS VOLKAMERIANA,10102,IMG-00003-39.jpg,48,43,43,0,5,1.0,0.8958333333333334
2024,ONAGRI,CITRUS VOLKAMERIANA,10102,IMG-10637.jpg,140,111,109,2,31,0.981981981981982,0.7785714285714286
2024,ONAGRI,CITRUS VOLKAMERIANA,10102,IMG-10658.jpg,163,129,126,3,37,0.9767441860465116,0.7730061349693251
2022,ONAGRI,CITRUS VOLKAMERIANA,10103,IMG-00003-39.jpg,215,215,210,5,5,0.9767441860465116,0.9767441860465116
2022,ONAGRI,CITRUS VOLKAMERIANA,10103,IMG-00008-39.jpg,195,193,178,15,17,0.922279792746114,0.9128205128205128
2024,ONAGRI,CITRUS VOLKAMERIANA,10103,IMG-10614.jpg,134,112,109,3,25,0.9732142857142856,0.8134328358208955
2024,ONAGRI,CITRUS VOLKAMERIANA,10103,IMG-10630.jpg,213,169,164,5,49,0.970414201183432,0.7699530516431925
2024,ONAGRI,CITRUS VOLKAMERIANA,10103,IMG-10631.jpg,134,94,94,0,40,1.0,0.7014925373134329
2022,ONAGRI,CITRUS VOLKAMERIANA,10104,IMG-00004-39.jpg,65,63,59,4,6,0.9365079365079364,0.9076923076923076
2022,ONAGRI,CITRUS VOLKAMERIANA,10104,IMG-00008-39.jpg,69,67,62,5,7,0.9253731343283582,0.8985507246376812
2024,ONAGRI,CITRUS VOLKAMERIANA,10104,IMG-11267.jpg,22,11,11,0,11,1.0,0.5
2024,ONAGRI,CITRUS VOLKAMERIANA,10104,IMG-11327.jpg,128,94,93,1,35,0.9893617021276596,0.7265625
2024,ONAGRI,CITRUS VOLKAMERIANA,10104,IMG-11347.jpg,118,89,87,2,31,0.9775280898876404,0.7372881355932204
2024,ONAGRI,CITRUS VOLKAMERIANA,10104,IMG-11366.jpg,351,244,240,4,111,0.9836065573770492,0.6837606837606838
2024,ONAGRI,CITRUS VOLKAMERIANA,10104,IMG-11386.jpg,99,77,77,0,22,1.0,0.7777777777777778
2022,ONAGRI,CITRUS VOLKAMERIANA,10105,IMG-00004-39.jpg,17,21,17,4,0,0.8095238095238095,1.0
2022,ONAGRI,CITRUS VOLKAMERIANA,10105,IMG-00005-39.jpg,68,66,65,1,3,0.9848484848484848,0.9558823529411764
2022,ONAGRI,CITRUS VOLKAMERIANA,10108,IMG-00003-39.jpg,61,61,59,2,2,0.9672131147540984,0.9672131147540984
2022,ONAGRI,CITRUS VOLKAMERIANA,10108,IMG-00007-39.jpg,69,68,66,2,3,0.9705882352941176,0.9565217391304348
2022,ONAGRI,CITRUS VOLKAMERIANA,10109,IMG-00003-39.jpg,4,3,3,0,1,1.0,0.75
2022,ONAGRI,CITRUS VOLKAMERIANA,10109,IMG-00008-39.jpg,105,104,98,6,7,0.9423076923076924,0.9333333333333332
2022,KHOUALKA,CITRANGE CARRIZO,10213,IMG-00001.jpg,77,71,69,2,8,0.971830985915493,0.8961038961038961
2022,KHOUALKA,CITRANGE CARRIZO,10213,IMG-00005-40.jpg,73,73,68,5,5,0.9315068493150684,0.9315068493150684
2022,KHOUALKA,CITRANGE CARRIZO,10213,IMG-00009-40.jpg,14,13,13,0,1,1.0,0.9285714285714286
2022,KHOUALKA,CITRANGE CARRIZO,10213,IMG-00014-40.jpg,21,21,19,2,2,0.9047619047619048,0.9047619047619048
2022,KHOUALKA,CITRANGE CARRIZO,10213,IMG-00028-40.jpg,47,45,44,1,3,0.9777777777777776,0.9361702127659576
2022,KHOUALKA,CITRANGE CARRIZO,10213,IMG-00034-40.jpg,48,47,44,3,4,0.9361702127659576,0.9166666666666666
2022,KHOUALKA,CITRANGE CARRIZO,10213,IMG-00035-40.jpg,37,37,35,2,2,0.945945945945946,0.945945945945946
2022,KHOUALKA,CITRANGE CARRIZO,10213,IMG-00036-40.jpg,47,48,44,4,3,0.9166666666666666,0.9361702127659576
2022,KHOUALKA,CITRANGE CARRIZO,10213,IMG-00042-40.jpg,22,22,20,2,2,0.9090909090909092,0.9090909090909092
2022,KHOUALKA,CITRANGE CARRIZO,10213,IMG-00047-40.jpg,70,62,60,2,10,0.967741935483871,0.8571428571428571
2022,KHOUALKA,CITRANGE CARRIZO,10213,IMG-00054-40.jpg,33,33,30,3,3,0.9090909090909092,0.9090909090909092
2022,KHOUALKA,CITRANGE CARRIZO,10213,IMG-00055-40.jpg,93,88,87,1,6,0.9886363636363636,0.935483870967742
2022,KHOUALKA,CITRANGE CARRIZO,10213,IMG-00061-40.jpg,113,111,106,5,7,0.954954954954955,0.9380530973451328
2022,KHOUALKA,CITRANGE CARRIZO,10213,IMG-00066-40.jpg,48,44,40,4,8,0.9090909090909092,0.8333333333333334
2022,OUARGHA,MACROPHYLLA,11010,IMG-00001.jpg,40,39,38,1,2,0.9743589743589745,0.95
2022,OUARGHA,MACROPHYLLA,11010,IMG-00015-41.jpg,24,20,19,1,5,0.95,0.7916666666666666
2022,OUARGHA,MACROPHYLLA,11010,IMG-00019-41.jpg,20,19,17,2,3,0.8947368421052632,0.85
2022,OUARGHA,MACROPHYLLA,11010,IMG-00024-41.jpg,21,21,20,1,1,0.9523809523809524,0.9523809523809524
2022,OUARGHA,MACROPHYLLA,11020,IMG-00017-41.jpg,51,53,48,5,3,0.9056603773584906,0.9411764705882352
2022,OUARGHA,MACROPHYLLA,11020,IMG-00018-41.jpg,13,9,8,1,5,0.8888888888888888,0.6153846153846154
2022,OUARGHA,CITRANGE CARRIZO,13010,IMG-00067-41.jpg,55,52,50,2,5,0.9615384615384616,0.9090909090909092
2022,OUARGHA,CITRANGE CARRIZO,13010,IMG-00086-41.jpg,49,53,49,4,0,0.9245283018867924,1.0
2022,OUARGHA,CITRANGE CARRIZO,13010,IMG-00194-41.jpg,33,33,32,1,1,0.9696969696969696,0.9696969696969696
2022,OUARGHA,CITRANGE CARRIZO,13020,IMG-00023-41.jpg,31,32,30,2,1,0.9375,0.967741935483871
2022,OUARGHA,CITRANGE CARRIZO,13020,IMG-00024-41.jpg,18,17,16,1,2,0.9411764705882352,0.8888888888888888
2022,OUARGHA,CITRANGE CARRIZO,13020,IMG-00039-41.jpg,4,6,4,2,0,0.6666666666666666,1.0
2022,OUARGHA,CITRANGE CARRIZO,13020,IMG-00040-41.jpg,6,9,6,3,0,0.6666666666666666,1.0
2022,OUARGHA,CITRUS VOLKAMERIANA,13030,IMG-00009-41.jpg,18,16,15,1,3,0.9375,0.8333333333333334
2022,OUARGHA,CITRUS VOLKAMERIANA,13030,IMG-00013-41.jpg,46,43,40,3,6,0.9302325581395348,0.8695652173913043
2022,OUARGHA,CITRUS VOLKAMERIANA,13030,IMG-00027-41.jpg,12,14,11,3,1,0.7857142857142857,0.9166666666666666
2022,OUARGHA,CITRUS VOLKAMERIANA,13030,IMG-00029-41.jpg,18,17,16,1,2,0.9411764705882352,0.8888888888888888
2022,OUARGHA,CITRUS VOLKAMERIANA,13030,IMG-00036-41.jpg,16,17,14,3,2,0.8235294117647058,0.875
2022,OUARGHA,CITRUS VOLKAMERIANA,14010,IMG-00008-41.jpg,40,41,36,5,4,0.8780487804878049,0.9
2022,OUARGHA,CITRUS VOLKAMERIANA,14010,IMG-00010-41.jpg,49,45,44,1,5,0.9777777777777776,0.8979591836734694
2022,OUARGHA,CITRUS VOLKAMERIANA,14010,IMG-00011-41.jpg,47,46,41,5,6,0.8913043478260869,0.8723404255319149
2022,OUARGHA,CITRUS VOLKAMERIANA,14010,IMG-00018-41.jpg,44,46,41,5,3,0.8913043478260869,0.9318181818181818
2022,KHOUALKA,MACROPHYLLA,20118,IMG-00007-40.jpg,44,42,41,1,3,0.9761904761904762,0.9318181818181818
2022,KHOUALKA,MACROPHYLLA,20118,IMG-00008-40.jpg,115,111,105,6,10,0.945945945945946,0.9130434782608696
2022,KHOUALKA,MACROPHYLLA,20118,IMG-00022-40.jpg,113,108,104,4,9,0.9629629629629628,0.9203539823008848
2022,KHOUALKA,MACROPHYLLA,20118,IMG-00033-40.jpg,58,58,53,5,5,0.913793103448276,0.913793103448276
2022,KHOUALKA,MACROPHYLLA,20118,IMG-00037-40.jpg,29,31,28,3,1,0.9032258064516128,0.9655172413793104
2022,KHOUALKA,MACROPHYLLA,20118,IMG-00042-40.jpg,137,129,121,8,16,0.937984496124031,0.8832116788321168
2022,KHOUALKA,MACROPHYLLA,20118,IMG-00046-40.jpg,45,43,43,0,2,1.0,0.9555555555555556
2022,KHOUALKA,MACROPHYLLA,20118,IMG-00050-40.jpg,48,46,42,4,6,0.9130434782608696,0.875
2022,KHOUALKA,MACROPHYLLA,20118,IMG-00055-40.jpg,52,43,43,0,9,1.0,0.8269230769230769
2022,KHOUALKA,MACROPHYLLA,20118,IMG-00061-40.jpg,120,105,100,5,20,0.9523809523809524,0.8333333333333334
2022,KHOUALKA,MACROPHYLLA,20118,IMG-00062-40.jpg,63,53,50,3,13,0.9433962264150944,0.7936507936507936
2022,KHOUALKA,MACROPHYLLA,20118,IMG-00063-40.jpg,47,52,45,7,2,0.8653846153846154,0.9574468085106383
2022,KHOUALKA,MACROPHYLLA,20118,IMG-00066-40.jpg,84,77,75,2,9,0.974025974025974,0.8928571428571429
2024,KHOUALKA,MACROPHYLLA,20118,IMG-12691.jpg,22,17,15,2,7,0.8823529411764706,0.6818181818181818
2024,KHOUALKA,MACROPHYLLA,20118,IMG-12729.jpg,56,44,44,0,12,1.0,0.7857142857142857
2024,KHOUALKA,MACROPHYLLA,20118,IMG-12735.jpg,88,60,59,1,29,0.9833333333333332,0.6704545454545454
2024,KHOUALKA,MACROPHYLLA,20118,IMG-12748.jpg,107,83,80,3,27,0.963855421686747,0.7476635514018691
2024,KHOUALKA,MACROPHYLLA,20118,IMG-12764.jpg,111,91,89,2,22,0.978021978021978,0.8018018018018018
2024,KHOUALKA,MACROPHYLLA,20118,IMG-12808.jpg,113,75,73,2,40,0.9733333333333334,0.6460176991150443
2024,KHOUALKA,MACROPHYLLA,20118,IMG-12851.jpg,24,11,11,0,13,1.0,0.4583333333333333
2022,KHOUALKA,MACROPHYLLA,20119,IMG-00005-40.jpg,106,95,91,4,15,0.9578947368421052,0.8584905660377359
2022,KHOUALKA,MACROPHYLLA,20119,IMG-00008-40.jpg,142,123,116,7,26,0.943089430894309,0.8169014084507042
2022,KHOUALKA,MACROPHYLLA,20119,IMG-00014-40.jpg,132,122,118,4,14,0.9672131147540984,0.8939393939393939
2022,KHOUALKA,BIGARADIER,20132,IMG-00004-40.jpg,181,166,161,5,20,0.9698795180722892,0.8895027624309392
2022,KHOUALKA,BIGARADIER,20132,IMG-00025-40.jpg,91,81,78,3,13,0.9629629629629628,0.8571428571428571
2022,KHOUALKA,BIGARADIER,20132,IMG-00028-40.jpg,49,45,44,1,5,0.9777777777777776,0.8979591836734694
2022,KHOUALKA,BIGARADIER,20132,IMG-00035-40.jpg,103,108,102,6,1,0.9444444444444444,0.9902912621359224
2022,KHOUALKA,BIGARADIER,20132,IMG-00039-40.jpg,119,117,112,5,7,0.9572649572649572,0.9411764705882352
2022,KHOUALKA,BIGARADIER,20132,IMG-00046-40.jpg,156,147,144,3,12,0.979591836734694,0.9230769230769232
2022,KHOUALKA,BIGARADIER,20132,IMG-00051-40.jpg,108,100,95,5,13,0.95,0.8796296296296297
2022,KHOUALKA,BIGARADIER,20132,IMG-00055-40.jpg,67,61,60,1,7,0.9836065573770492,0.8955223880597015
2022,KHOUALKA,BIGARADIER,20132,IMG-00058-40.jpg,89,83,81,2,8,0.9759036144578314,0.9101123595505618
2022,KHOUALKA,BIGARADIER,20132,IMG-00059-40.jpg,139,129,123,6,16,0.9534883720930232,0.8848920863309353
2022,KHOUALKA,BIGARADIER,20132,IMG-00060-40.jpg,57,48,45,3,12,0.9375,0.7894736842105263
2022,KHOUALKA,BIGARADIER,20132,IMG-00064-40.jpg,117,108,104,4,13,0.9629629629629628,0.8888888888888888
2022,KHOUALKA,BIGARADIER,20132,IMG-00075-40.jpg,69,68,64,4,5,0.9411764705882352,0.927536231884058
2022,ONAGRI,BIGARADIER,20139,IMG-00021-39.jpg,93,93,92,1,1,0.989247311827957,0.989247311827957
2024,KHOUALKA,CITRUS VOLKAMERIANA,20205,IMG-12040.jpg,123,91,86,5,37,0.945054945054945,0.6991869918699187
2024,KHOUALKA,CITRUS VOLKAMERIANA,20205,IMG-12058.jpg,116,107,105,2,11,0.9813084112149532,0.9051724137931034
2022,SAOUDA,CITRUS VOLKAMERIANA,21020,IMG-00033-45.jpg,67,68,63,5,4,0.9264705882352942,0.9402985074626866
2022,SAOUDA,CITRUS VOLKAMERIANA,21020,IMG-00087-45.jpg,21,19,15,4,6,0.7894736842105263,0.7142857142857143
2022,SAOUDA,CITRUS VOLKAMERIANA,21020,IMG-00138-45.jpg,40,42,39,3,1,0.9285714285714286,0.975
2022,SAOUDA,CITRUS VOLKAMERIANA,21020,IMG-00145-45.jpg,37,37,34,3,3,0.918918918918919,0.918918918918919
2022,SAOUDA,CITRUS VOLKAMERIANA,21020,IMG-00155-45.jpg,38,40,36,4,2,0.9,0.9473684210526316
2022,SAOUDA,CITRUS VOLKAMERIANA,21030,IMG-00521-45.jpg,31,35,29,6,2,0.8285714285714286,0.935483870967742
2022,SAOUDA,CITRUS VOLKAMERIANA,21030,IMG-00524-45.jpg,71,72,65,7,6,0.9027777777777778,0.9154929577464788
2022,SAOUDA,CITRUS VOLKAMERIANA,21030,IMG-00536-45.jpg,41,47,38,9,3,0.8085106382978723,0.926829268292683
2022,SAOUDA,CITRUS VOLKAMERIANA,21030,IMG-00537-45.jpg,52,47,40,7,12,0.851063829787234,0.7692307692307693
2022,SAOUDA,CITRUS VOLKAMERIANA,22020,IMG-00053-45.jpg,39,38,34,4,5,0.8947368421052632,0.8717948717948718
2022,SAOUDA,CITRUS VOLKAMERIANA,22020,IMG-00059-45.jpg,46,45,42,3,4,0.9333333333333332,0.9130434782608696
2022,SAOUDA,CITRUS VOLKAMERIANA,22020,IMG-00060-45.jpg,48,51,46,5,2,0.9019607843137256,0.9583333333333334
2022,SAOUDA,CITRUS VOLKAMERIANA,22020,IMG-00062-45.jpg,50,54,49,5,1,0.9074074074074074,0.98
2022,SAOUDA,CITRUS VOLKAMERIANA,22030,IMG-00062-45.jpg,62,62,57,5,5,0.9193548387096774,0.9193548387096774
2022,SAOUDA,CITRUS VOLKAMERIANA,22030,IMG-00063-45.jpg,83,81,74,7,9,0.9135802469135802,0.891566265060241
2022,SAOUDA,CITRUS VOLKAMERIANA,22030,IMG-00065-45.jpg,58,53,50,3,8,0.9433962264150944,0.8620689655172413
2022,SAOUDA,CITRUS VOLKAMERIANA,22030,IMG-00068-45.jpg,66,59,58,1,8,0.9830508474576272,0.8787878787878788
2022,SAOUDA,CITRUS VOLKAMERIANA,23020,IMG-00024-45.jpg,47,54,45,9,2,0.8333333333333334,0.9574468085106383
2022,SAOUDA,CITRUS VOLKAMERIANA,23020,IMG-00032-45.jpg,33,33,32,1,1,0.9696969696969696,0.9696969696969696
2022,SAOUDA,CITRUS VOLKAMERIANA,23020,IMG-00074-45.jpg,28,27,23,4,5,0.8518518518518519,0.8214285714285714
2022,SAOUDA,CITRUS VOLKAMERIANA,23020,IMG-00079-45.jpg,28,31,26,5,2,0.8387096774193549,0.9285714285714286
2022,SAOUDA,CITRUS VOLKAMERIANA,23030,IMG-00014-45.jpg,25,26,22,4,3,0.8461538461538461,0.88
2022,SAOUDA,CITRUS VOLKAMERIANA,23030,IMG-00034-45.jpg,43,41,38,3,5,0.926829268292683,0.8837209302325582
2022,SAOUDA,CITRUS VOLKAMERIANA,23030,IMG-00069-45.jpg,28,31,26,5,2,0.8387096774193549,0.9285714285714286
2022,SAOUDA,CITRUS VOLKAMERIANA,23030,IMG-00079-45.jpg,50,57,44,13,6,0.7719298245614035,0.88
2022,SAOUDA,CITRANGE CARRIZO,24010,IMG-00097-45.jpg,59,57,55,2,4,0.9649122807017544,0.9322033898305084
2022,SAOUDA,CITRANGE CARRIZO,24010,IMG-00101-45.jpg,27,29,24,5,3,0.8275862068965517,0.8888888888888888
2022,SAOUDA,CITRANGE CARRIZO,24010,IMG-00111-45.jpg,54,54,51,3,3,0.9444444444444444,0.9444444444444444
2022,SAOUDA,CITRANGE CARRIZO,24010,IMG-00112-45.jpg,40,39,37,2,3,0.9487179487179488,0.925
2022,SAOUDA,CITRANGE CARRIZO,25010,IMG-00006-45.jpg,55,58,51,7,4,0.8793103448275862,0.9272727272727272
2022,SAOUDA,CITRANGE CARRIZO,25010,IMG-00007-45.jpg,77,74,72,2,5,0.972972972972973,0.935064935064935
2022,SAOUDA,CITRANGE CARRIZO,25010,IMG-00010-45.jpg,53,54,50,4,3,0.925925925925926,0.9433962264150944
2022,SAOUDA,CITRANGE CARRIZO,25010,IMG-00011-45.jpg,26,28,26,2,0,0.9285714285714286,1.0
2022,SAOUDA,CITRANGE CARRIZO,26010,IMG-00008-45.jpg,39,41,38,3,1,0.926829268292683,0.9743589743589745
2022,SAOUDA,CITRANGE CARRIZO,26010,IMG-00013-45.jpg,36,40,35,5,1,0.875,0.9722222222222222
2022,SAOUDA,CITRANGE CARRIZO,26010,IMG-00018-45.jpg,43,45,41,4,2,0.9111111111111112,0.9534883720930232
2022,SAOUDA,CITRANGE CARRIZO,26010,IMG-00020-45.jpg,44,46,41,5,3,0.8913043478260869,0.9318181818181818
2022,KHOUALKA,CITRANGE CARRIZO,30138,IMG-00002-40.jpg,39,37,36,1,3,0.972972972972973,0.9230769230769232
2022,KHOUALKA,CITRANGE CARRIZO,30138,IMG-00003-40.jpg,59,57,52,5,7,0.912280701754386,0.8813559322033898
2022,KHOUALKA,CITRANGE CARRIZO,30138,IMG-00005-40.jpg,58,48,46,2,12,0.9583333333333334,0.7931034482758621
2022,KHOUALKA,CITRANGE CARRIZO,30138,IMG-00008-40.jpg,32,29,25,4,7,0.8620689655172413,0.78125
2022,KHOUALKA,CITRANGE CARRIZO,30138,IMG-00011-40.jpg,26,25,23,2,3,0.92,0.8846153846153846
2022,KHOUALKA,CITRANGE CARRIZO,30138,IMG-00019-40.jpg,2,2,2,0,0,1.0,1.0
2022,KHOUALKA,CITRANGE CARRIZO,30138,IMG-00037-40.jpg,30,28,26,2,4,0.9285714285714286,0.8666666666666667
2022,KHOUALKA,CITRANGE CARRIZO,30138,IMG-00040-40.jpg,41,41,40,1,1,0.975609756097561,0.975609756097561
2022,KHOUALKA,CITRANGE CARRIZO,30138,IMG-00043-40.jpg,28,27,24,3,4,0.8888888888888888,0.8571428571428571
2022,KHOUALKA,CITRANGE CARRIZO,30138,IMG-00044-40.jpg,99,96,92,4,7,0.9583333333333334,0.9292929292929292
2022,KHOUALKA,CITRANGE CARRIZO,30138,IMG-00048-40.jpg,37,38,32,6,5,0.8421052631578947,0.8648648648648649
2022,KHOUALKA,CITRANGE CARRIZO,30138,IMG-00057-40.jpg,73,70,66,4,7,0.9428571428571428,0.9041095890410958
2022,KHOUALKA,CITRANGE CARRIZO,30138,IMG-00063-40.jpg,89,85,81,4,8,0.9529411764705882,0.9101123595505618
2022,ONAGRI,CITRUS VOLKAMERIANA,30145,IMG-00018-39.jpg,219,218,209,9,10,0.9587155963302753,0.954337899543379
2022,ONAGRI,CITRUS VOLKAMERIANA,30145,IMG-00043-39.jpg,64,68,63,5,1,0.9264705882352942,0.984375
2022,ONAGRI,CITRUS VOLKAMERIANA,30146,IMG-00008-39.jpg,262,259,244,15,18,0.942084942084942,0.931297709923664
2022,ONAGRI,CITRUS VOLKAMERIANA,30146,IMG-00045-39.jpg,190,196,185,11,5,0.9438775510204082,0.9736842105263158
2022,ONAGRI,CITRUS VOLKAMERIANA,30147,IMG-00002-39.jpg,269,287,263,24,6,0.9163763066202092,0.9776951672862454
2022,ONAGRI,CITRUS VOLKAMERIANA,30147,IMG-00008-39.jpg,172,174,169,5,3,0.971264367816092,0.9825581395348836
2022,ONAGRI,CITRUS VOLKAMERIANA,30148,IMG-00016-40.jpg,88,81,80,1,8,0.9876543209876544,0.9090909090909092
2022,ONAGRI,CITRUS VOLKAMERIANA,30148,IMG-00047-40.jpg,34,28,28,0,6,1.0,0.8235294117647058
2022,ONAGRI,CITRUS VOLKAMERIANA,30149,IMG-00018-39.jpg,151,148,145,3,6,0.9797297297297296,0.9602649006622516
2022,ONAGRI,CITRUS VOLKAMERIANA,30149,IMG-00027-39.jpg,226,217,211,6,15,0.9723502304147466,0.9336283185840708
2022,ONAGRI,CITRUS VOLKAMERIANA,30151,IMG-00012-39.jpg,185,188,179,9,6,0.952127659574468,0.9675675675675676
2022,ONAGRI,CITRUS VOLKAMERIANA,30151,IMG-00033-39.jpg,214,211,204,7,10,0.966824644549763,0.9532710280373832
2024,ONAGRI,CITRUS VOLKAMERIANA,30151,IMG-21881.jpg,73,47,47,0,26,1.0,0.6438356164383562
2024,ONAGRI,CITRUS VOLKAMERIANA,30151,IMG-21935.jpg,179,105,103,2,76,0.9809523809523808,0.5754189944134078
2024,ONAGRI,CITRUS VOLKAMERIANA,30151,IMG-21936.jpg,93,64,63,1,30,0.984375,0.6774193548387096
2022,ONAGRI,CITRUS VOLKAMERIANA,30152,IMG-00016-39.jpg,39,38,36,2,3,0.9473684210526316,0.9230769230769232
2022,ONAGRI,CITRUS VOLKAMERIANA,30152,IMG-00019-39.jpg,139,142,131,11,8,0.9225352112676056,0.9424460431654677
2022,ONAGRI,CITRUS VOLKAMERIANA,30153,IMG-00001.jpg,157,151,149,2,8,0.9867549668874172,0.9490445859872612
2022,ONAGRI,CITRUS VOLKAMERIANA,30153,IMG-00007-39.jpg,127,124,120,4,7,0.967741935483871,0.9448818897637796
2022,ONAGRI,CITRUS VOLKAMERIANA,30153,IMG-00013-39.jpg,159,153,148,5,11,0.9673202614379084,0.9308176100628932
2022,ONAGRI,CITRUS VOLKAMERIANA,30153,IMG-00040-39.jpg,153,152,150,2,3,0.986842105263158,0.9803921568627452
2022,ONAGRI,CITRUS VOLKAMERIANA,30154,IMG-00017-39.jpg,160,162,159,3,1,0.9814814814814816,0.99375
2022,ONAGRI,CITRUS VOLKAMERIANA,30154,IMG-00027-39.jpg,220,220,220,0,0,1.0,1.0
2022,ONAGRI,CITRUS VOLKAMERIANA,30154,IMG-00033-39.jpg,51,49,48,1,3,0.979591836734694,0.9411764705882352
2022,ONAGRI,CITRUS VOLKAMERIANA,30154,IMG-00036-39.jpg,137,138,135,3,2,0.9782608695652174,0.9854014598540146
2022,ONAGRI,CITRUS VOLKAMERIANA,30154,IMG-00038-39.jpg,242,244,239,5,3,0.9795081967213116,0.987603305785124
2022,ONAGRI,CITRUS VOLKAMERIANA,30154,IMG-00041-39.jpg,272,266,258,8,14,0.9699248120300752,0.9485294117647058
2022,ONAGRI,CITRUS VOLKAMERIANA,30154,IMG-00044-39.jpg,141,140,138,2,3,0.9857142857142858,0.9787234042553192
2022,ONAGRI,BIGARADIER,30155,IMG-00002-39.jpg,139,140,136,4,3,0.9714285714285714,0.9784172661870504
2022,ONAGRI,BIGARADIER,30155,IMG-00003-39.jpg,115,113,111,2,4,0.9823008849557522,0.9652173913043478
2022,ONAGRI,BIGARADIER,30155,IMG-00006-39.jpg,44,43,42,1,2,0.9767441860465116,0.9545454545454546
2022,ONAGRI,BIGARADIER,30155,IMG-00011-39.jpg,100,95,95,0,5,1.0,0.95
2022,ONAGRI,BIGARADIER,30155,IMG-00019-39.jpg,142,140,137,3,5,0.9785714285714284,0.9647887323943662
2022,ONAGRI,BIGARADIER,30155,IMG-00026-39.jpg,124,113,111,2,13,0.9823008849557522,0.8951612903225806
2022,ONAGRI,BIGARADIER,30155,IMG-00032-39.jpg,81,81,81,0,0,1.0,1.0
2022,ONAGRI,BIGARADIER,30155,IMG-00039-39.jpg,19,19,18,1,1,0.9473684210526316,0.9473684210526316
2022,ONAGRI,BIGARADIER,30155,IMG-00043-39.jpg,130,129,124,5,6,0.9612403100775194,0.953846153846154
2022,ONAGRI,CITRUS VOLKAMERIANA,30157,IMG-00003-39.jpg,227,218,213,5,14,0.9770642201834864,0.9383259911894272
2022,ONAGRI,CITRUS VOLKAMERIANA,30157,IMG-00012-39.jpg,283,276,271,5,12,0.9818840579710144,0.9575971731448764
2022,ONAGRI,CITRUS VOLKAMERIANA,30157,IMG-00032-39.jpg,64,64,62,2,2,0.96875,0.96875
2022,ONAGRI,CITRUS VOLKAMERIANA,30157,IMG-00035-39.jpg,159,153,150,3,9,0.9803921568627452,0.9433962264150944
2022,KHOUALKA,CITRUS VOLKAMERIANA,30235,IMG-00001.jpg,93,80,80,0,13,1.0,0.8602150537634409
2022,KHOUALKA,CITRUS VOLKAMERIANA,30235,IMG-00003-40.jpg,37,34,32,2,5,0.9411764705882352,0.8648648648648649
2022,KHOUALKA,CITRUS VOLKAMERIANA,30235,IMG-00009-40.jpg,103,99,96,3,7,0.9696969696969696,0.9320388349514565
2022,KHOUALKA,CITRUS VOLKAMERIANA,30235,IMG-00013-40.jpg,90,88,84,4,6,0.9545454545454546,0.9333333333333332
2022,KHOUALKA,CITRUS VOLKAMERIANA,30235,IMG-00026-40.jpg,122,120,112,8,10,0.9333333333333332,0.918032786885246
2022,KHOUALKA,CITRUS VOLKAMERIANA,30235,IMG-00047-40.jpg,47,46,39,7,8,0.8478260869565217,0.8297872340425532
2022,KHOUALKA,CITRUS VOLKAMERIANA,30235,IMG-00048-40.jpg,90,87,85,2,5,0.9770114942528736,0.9444444444444444
2022,KHOUALKA,CITRUS VOLKAMERIANA,30235,IMG-00049-40.jpg,44,44,40,4,4,0.9090909090909092,0.9090909090909092
2022,KHOUALKA,CITRUS VOLKAMERIANA,30235,IMG-00050-40.jpg,84,74,71,3,13,0.9594594594594594,0.8452380952380952
2022,KHOUALKA,CITRUS VOLKAMERIANA,30235,IMG-00052-40.jpg,98,97,91,6,7,0.9381443298969072,0.9285714285714286
2022,KHOUALKA,CITRUS VOLKAMERIANA,30235,IMG-00057-40.jpg,80,70,69,1,11,0.9857142857142858,0.8625
2022,KHOUALKA,CITRUS VOLKAMERIANA,30235,IMG-00064-40.jpg,38,36,32,4,6,0.8888888888888888,0.8421052631578947
2022,KHOUALKA,CITRUS VOLKAMERIANA,30235,IMG-00067-40.jpg,107,95,93,2,14,0.9789473684210528,0.8691588785046729
2022,KHOUALKA,CITRUS VOLKAMERIANA,30235,IMG-00069-40.jpg,34,34,30,4,4,0.8823529411764706,0.8823529411764706
2022,KHOUALKA,CITRUS VOLKAMERIANA,30235,IMG-00075-40.jpg,95,94,87,7,8,0.925531914893617,0.9157894736842104
2022,KHOUALKA,BIGARADIER,40141,IMG-00006-40.jpg,7,7,6,1,1,0.8571428571428571,0.8571428571428571
2022,KHOUALKA,BIGARADIER,40141,IMG-00007-40.jpg,20,10,10,0,10,1.0,0.5
2022,KHOUALKA,BIGARADIER,40141,IMG-00008-40.jpg,15,12,11,1,4,0.9166666666666666,0.7333333333333333
2022,ONAGRI,CITRANGE C35,40166,IMG-00009-39.jpg,38,36,36,0,2,1.0,0.9473684210526316
2022,ONAGRI,CITRANGE C35,40166,IMG-00011-39.jpg,173,173,169,4,4,0.976878612716763,0.976878612716763
2022,ONAGRI,CITRANGE C35,40166,IMG-00014-39.jpg,179,176,176,0,3,1.0,0.9832402234636872
2022,ONAGRI,CITRANGE C35,40166,IMG-00015-39.jpg,122,121,121,0,1,1.0,0.9918032786885246
2022,ONAGRI,CITRANGE C35,40166,IMG-00041-39.jpg,102,101,100,1,2,0.99009900990099,0.9803921568627452
2022,ONAGRI,CITRANGE C35,40167,IMG-00019-39.jpg,197,198,196,2,1,0.98989898989899,0.9949238578680204
2022,ONAGRI,CITRANGE C35,40167,IMG-00030-39.jpg,126,122,122,0,4,1.0,0.9682539682539684
2022,ONAGRI,CITRANGE C35,40167,IMG-00039-39.jpg,217,202,199,3,18,0.9851485148514852,0.9170506912442395
2022,ONAGRI,CITRANGE C35,40171,IMG-00008-39.jpg,109,105,105,0,4,1.0,0.963302752293578
2022,ONAGRI,CITRANGE C35,40171,IMG-00037-39.jpg,94,85,84,1,10,0.9882352941176472,0.8936170212765957
2022,ONAGRI,CITRANGE C35,40171,IMG-00040-39.jpg,149,140,138,2,11,0.9857142857142858,0.9261744966442952
2022,ONAGRI,CITRANGE C35,40172,IMG-00012-39.jpg,89,84,84,0,5,1.0,0.9438202247191012
2022,ONAGRI,CITRANGE C35,40172,IMG-00025-39.jpg,109,102,102,0,7,1.0,0.9357798165137616
2022,ONAGRI,CITRANGE C35,40172,IMG-00027-39.jpg,103,90,90,0,13,1.0,0.8737864077669902
2022,ONAGRI,CITRANGE C35,40173,IMG-00004-39.jpg,133,126,124,2,9,0.984126984126984,0.9323308270676692
2022,ONAGRI,CITRANGE C35,40173,IMG-00008-39.jpg,57,50,50,0,7,1.0,0.8771929824561403
2022,ONAGRI,CITRANGE C35,40173,IMG-00010-39.jpg,53,56,51,5,2,0.9107142857142856,0.9622641509433962
2022,ONAGRI,CITRANGE C35,40175,IMG-00005-39.jpg,95,87,83,4,12,0.9540229885057472,0.8736842105263158
2022,ONAGRI,CITRANGE C35,40175,IMG-00006-39.jpg,64,61,58,3,6,0.9508196721311476,0.90625
2022,ONAGRI,CITRANGE C35,40176,IMG-00004-39.jpg,79,74,74,0,5,1.0,0.9367088607594936
2022,ONAGRI,CITRANGE C35,40176,IMG-00012-39.jpg,105,103,103,0,2,1.0,0.9809523809523808
2022,ONAGRI,CITRANGE C35,40176,IMG-00014-39.jpg,91,87,87,0,4,1.0,0.956043956043956
2022,ONAGRI,CITRUMELO SACCATON,40177,IMG-00012-39.jpg,89,80,80,0,9,1.0,0.898876404494382
2022,ONAGRI,CITRUMELO SACCATON,40177,IMG-00015-39.jpg,213,214,210,4,3,0.9813084112149532,0.9859154929577464
2022,ONAGRI,CITRUMELO SACCATON,40177,IMG-00037-39.jpg,95,89,89,0,6,1.0,0.936842105263158
2022,ONAGRI,CITRANGE C35,40178,IMG-00013-39.jpg,76,74,74,0,2,1.0,0.9736842105263158
2022,ONAGRI,CITRANGE C35,40178,IMG-00027-39.jpg,56,55,55,0,1,1.0,0.9821428571428572
2022,ONAGRI,CITRANGE C35,40178,IMG-00031-39.jpg,30,31,30,1,0,0.967741935483871,1.0
2022,ONAGRI,CITRANGE C35,40178,IMG-00032-39.jpg,27,26,26,0,1,1.0,0.9629629629629628
2022,ONAGRI,CITRANGE C35,40178,IMG-00033-39.jpg,34,33,33,0,1,1.0,0.9705882352941176
2022,ONAGRI,CITRANGE C35,40179,IMG-00001.jpg,83,81,80,1,3,0.9876543209876544,0.963855421686747
2022,ONAGRI,CITRANGE C35,40179,IMG-00010-39.jpg,161,152,150,2,11,0.986842105263158,0.9316770186335404
2022,ONAGRI,CITRANGE C35,40179,IMG-00011-39.jpg,102,100,99,1,3,0.99,0.9705882352941176
2022,ONAGRI,CITRANGE C35,40179,IMG-00018-39.jpg,9,9,9,0,0,1.0,1.0
2022,ONAGRI,CITRUMELO SACCATON,40182,IMG-00004-39.jpg,35,35,34,1,1,0.9714285714285714,0.9714285714285714
2022,ONAGRI,CITRUMELO SACCATON,40182,IMG-00010-39.jpg,52,53,52,1,0,0.981132075471698,1.0
2022,ONAGRI,CITRUMELO SACCATON,40182,IMG-00015-39.jpg,85,80,79,1,6,0.9875,0.9294117647058824
2022,ONAGRI,CITRUMELO SACCATON,40183,IMG-00005-39.jpg,68,64,64,0,4,1.0,0.9411764705882352
2022,ONAGRI,CITRUMELO SACCATON,40183,IMG-00009-39.jpg,57,55,55,0,2,1.0,0.9649122807017544
2022,ONAGRI,CITRUMELO SACCATON,40183,IMG-00010-39.jpg,48,42,42,0,6,1.0,0.875
2024,KHOUALKA,CITRUS VOLKAMERIANA,50152,IMG-17274.jpg,170,129,128,1,42,0.992248062015504,0.7529411764705882
2024,KHOUALKA,CITRUS VOLKAMERIANA,50152,IMG-17306.jpg,105,85,85,0,20,1.0,0.8095238095238095
2024,KHOUALKA,CITRUS VOLKAMERIANA,50152,IMG-17330.jpg,41,31,29,2,12,0.935483870967742,0.7073170731707317
2024,KHOUALKA,CITRUS VOLKAMERIANA,50152,IMG-17335.jpg,44,33,33,0,11,1.0,0.75
2024,KHOUALKA,CITRUS VOLKAMERIANA,50152,IMG-17340.jpg,108,79,77,2,31,0.9746835443037974,0.7129629629629629
2024,KHOUALKA,CITRUS VOLKAMERIANA,50152,IMG-17356.jpg,60,45,45,0,15,1.0,0.75
2024,KHOUALKA,CITRUS VOLKAMERIANA,50152,IMG-17384.jpg,53,27,25,2,28,0.925925925925926,0.4716981132075472
2024,KHOUALKA,CITRUS VOLKAMERIANA,50154,IMG-17440.jpg,76,62,61,1,15,0.9838709677419356,0.8026315789473685
2024,KHOUALKA,CITRUS VOLKAMERIANA,50154,IMG-17490.jpg,107,79,78,1,29,0.9873417721518988,0.7289719626168224
2024,KHOUALKA,CITRUS VOLKAMERIANA,50154,IMG-17543.jpg,100,69,69,0,31,1.0,0.69
2024,KHOUALKA,CITRUS VOLKAMERIANA,50154,IMG-17545.jpg,94,61,59,2,35,0.9672131147540984,0.6276595744680851
2024,KHOUALKA,CITRUS VOLKAMERIANA,50154,IMG-17562.jpg,129,103,102,1,27,0.9902912621359224,0.7906976744186046
2024,KHOUALKA,CITRUS VOLKAMERIANA,50154,IMG-17576.jpg,121,95,91,4,30,0.9578947368421052,0.7520661157024794
2024,KHOUALKA,CITRUS VOLKAMERIANA,50154,IMG-17585.jpg,171,116,113,3,58,0.9741379310344828,0.6608187134502924
2024,KHOUALKA,CITRUS VOLKAMERIANA,50168,IMG-13980.jpg,174,131,130,1,44,0.9923664122137404,0.7471264367816092
2024,KHOUALKA,CITRUS VOLKAMERIANA,50168,IMG-15749.jpg,147,108,107,1,40,0.9907407407407408,0.7278911564625851
2024,KHOUALKA,CITRUS VOLKAMERIANA,50168,IMG-15758.jpg,163,121,115,6,48,0.950413223140496,0.7055214723926381
2024,KHOUALKA,CITRUS VOLKAMERIANA,50168,IMG-15981.jpg,210,168,165,3,45,0.9821428571428572,0.7857142857142857
2024,KHOUALKA,CITRUS VOLKAMERIANA,50168,IMG-15983.jpg,120,85,85,0,35,1.0,0.7083333333333334
2024,KHOUALKA,CITRUS VOLKAMERIANA,50176,IMG-16025.jpg,81,63,61,2,20,0.9682539682539684,0.7530864197530864
2024,KHOUALKA,CITRUS VOLKAMERIANA,50176,IMG-16051.jpg,85,59,59,0,26,1.0,0.6941176470588235
2024,KHOUALKA,CITRUS VOLKAMERIANA,50176,IMG-16079.jpg,161,120,118,2,43,0.9833333333333332,0.7329192546583851
2024,KHOUALKA,CITRUS VOLKAMERIANA,50176,IMG-16095.jpg,101,58,57,1,44,0.9827586206896552,0.5643564356435643
2024,KHOUALKA,CITRUS VOLKAMERIANA,50176,IMG-16105.jpg,43,29,29,0,14,1.0,0.6744186046511628
2022,ONAGRI,CITRUMELO SACCATON,50193,IMG-00007-39.jpg,218,204,202,2,16,0.9901960784313726,0.926605504587156
2022,ONAGRI,CITRUMELO SACCATON,50193,IMG-00016-39.jpg,64,58,53,5,11,0.913793103448276,0.828125
2022,ONAGRI,CITRUMELO SACCATON,50193,IMG-00018-39.jpg,115,111,108,3,7,0.972972972972973,0.9391304347826088
2022,ONAGRI,CITRUMELO SACCATON,50193,IMG-00021-39.jpg,62,59,56,3,6,0.9491525423728814,0.9032258064516128
2022,ONAGRI,CITRUMELO SACCATON,50193,IMG-00023-39.jpg,113,112,107,5,6,0.9553571428571428,0.9469026548672568
2022,ONAGRI,CITRUMELO SACCATON,50194,IMG-00032-39.jpg,162,160,148,12,14,0.925,0.9135802469135802
2022,ONAGRI,CITRUMELO SACCATON,50194,IMG-00034-39.jpg,105,102,96,6,9,0.9411764705882352,0.9142857142857144
2022,ONAGRI,CITRUMELO SACCATON,50194,IMG-00036-39.jpg,161,152,147,5,14,0.9671052631578948,0.9130434782608696
2022,ONAGRI,CITRUMELO SACCATON,50194,IMG-00038-39.jpg,100,103,91,12,9,0.883495145631068,0.91
2022,ONAGRI,CITRUMELO SACCATON,50194,IMG-00039-39.jpg,65,64,63,1,2,0.984375,0.9692307692307692
2022,ONAGRI,CITRUMELO SACCATON,50194,IMG-00041-39.jpg,153,150,142,8,11,0.9466666666666668,0.9281045751633988
2022,ONAGRI,CITRUMELO SACCATON,50194,IMG-00051-39.jpg,137,131,126,5,11,0.9618320610687024,0.9197080291970804
2022,ONAGRI,CITRUMELO SACCATON,50194,IMG-00054-39.jpg,111,98,95,3,16,0.9693877551020408,0.8558558558558559
2022,ONAGRI,CITRUMELO SACCATON,51091,IMG-00015-39.jpg,85,82,77,5,8,0.9390243902439024,0.9058823529411764
2022,ONAGRI,CITRUMELO SACCATON,51091,IMG-00016-39.jpg,170,161,157,4,13,0.9751552795031057,0.923529411764706
2022,ONAGRI,CITRUMELO SACCATON,51091,IMG-00018-39.jpg,185,183,172,11,13,0.9398907103825136,0.9297297297297298
2022,ONAGRI,CITRUMELO SACCATON,51091,IMG-00022-39.jpg,135,134,131,3,4,0.9776119402985076,0.9703703703703704
2022,ONAGRI,CITRUMELO SACCATON,51091,IMG-00023-39.jpg,140,124,120,4,20,0.967741935483871,0.8571428571428571
2022,ONAGRI,CITRUMELO SACCATON,51091,IMG-00026-39.jpg,149,137,133,4,16,0.9708029197080292,0.8926174496644296
2022,ONAGRI,CITRUMELO SACCATON,51091,IMG-00044-39.jpg,168,167,160,7,8,0.9580838323353292,0.9523809523809524
2022,ONAGRI,CITRUMELO SACCATON,51095,IMG-00004-39.jpg,201,189,178,11,23,0.9417989417989416,0.8855721393034826
2022,ONAGRI,CITRUMELO SACCATON,51095,IMG-00013-39.jpg,154,143,139,4,15,0.972027972027972,0.9025974025974026
2022,ONAGRI,CITRUMELO SACCATON,51095,IMG-00014-39.jpg,140,134,126,8,14,0.9402985074626866,0.9
2022,ONAGRI,CITRUMELO SACCATON,51095,IMG-00015-39.jpg,196,182,178,4,18,0.978021978021978,0.9081632653061223
2022,ONAGRI,CITRUMELO SACCATON,51095,IMG-00024-39.jpg,234,222,212,10,22,0.954954954954955,0.905982905982906
2022,ONAGRI,CITRUMELO SACCATON,51095,IMG-00025-39.jpg,198,194,185,9,13,0.9536082474226804,0.9343434343434344
2022,ONAGRI,CITRUMELO SACCATON,51096,IMG-00009-39.jpg,219,205,195,10,24,0.951219512195122,0.8904109589041096
2022,ONAGRI,CITRUMELO SACCATON,51096,IMG-00011-39.jpg,145,143,134,9,11,0.9370629370629372,0.9241379310344828
2022,ONAGRI,CITRUMELO SACCATON,51096,IMG-00012-39.jpg,114,106,103,3,11,0.9716981132075472,0.9035087719298246
2022,ONAGRI,CITRUMELO SACCATON,51096,IMG-00055-39.jpg,217,199,191,8,26,0.9597989949748744,0.880184331797235
2022,ONAGRI,MC PONSIRUCE TRIFOLIATA,51097,IMG-00025-39.jpg,121,117,113,4,8,0.9658119658119658,0.9338842975206612
2022,ONAGRI,MC PONSIRUCE TRIFOLIATA,51097,IMG-00029-39.jpg,106,103,94,9,12,0.912621359223301,0.8867924528301887
2022,ONAGRI,MC PONSIRUCE TRIFOLIATA,51097,IMG-00044-39.jpg,182,176,167,9,15,0.9488636363636364,0.9175824175824177
2022,ONAGRI,MC PONSIRUCE TRIFOLIATA,51098,IMG-00003-39.jpg,65,64,57,7,8,0.890625,0.8769230769230769
2022,ONAGRI,MC PONSIRUCE TRIFOLIATA,51098,IMG-00010-39.jpg,184,172,166,6,18,0.9651162790697676,0.9021739130434784
2022,ONAGRI,MC PONSIRUCE TRIFOLIATA,51098,IMG-00015-39.jpg,162,154,149,5,13,0.9675324675324676,0.9197530864197532
2022,ONAGRI,MC PONSIRUCE TRIFOLIATA,51099,IMG-00012-39.jpg,133,132,123,9,10,0.9318181818181818,0.924812030075188
2024,ONAGRI,MC PONSIRUCE TRIFOLIATA,51101,IMG-12118.jpg,177,118,118,0,59,1.0,0.6666666666666666
2024,ONAGRI,MC PONSIRUCE TRIFOLIATA,51101,IMG-14223.jpg,153,116,115,1,38,0.9913793103448276,0.7516339869281046
2024,ONAGRI,MC PONSIRUCE TRIFOLIATA,51101,IMG-14226.jpg,151,121,118,3,33,0.975206611570248,0.7814569536423841
2024,ONAGRI,MC PONSIRUCE TRIFOLIATA,51101,IMG-14255.jpg,189,140,139,1,50,0.9928571428571428,0.7354497354497355
2024,ONAGRI,MC PONSIRUCE TRIFOLIATA,51101,IMG-14281.jpg,150,110,108,2,42,0.9818181818181818,0.72
2022,ONAGRI,CITRUS VOLKAMERIANA,101020,IMG-00001.jpg,6,6,5,1,1,0.8333333333333334,0.8333333333333334
2022,ONAGRI,CITRUS VOLKAMERIANA,101020,IMG-00004-44.jpg,53,38,37,1,16,0.9736842105263158,0.6981132075471698
2022,ONAGRI,CITRUS VOLKAMERIANA,101030,IMG-00003-44.jpg,29,26,25,1,4,0.9615384615384616,0.8620689655172413
2022,ONAGRI,CITRUS VOLKAMERIANA,101030,IMG-00004-44.jpg,110,92,90,2,20,0.9782608695652174,0.8181818181818182
2022,ONAGRI,CITRUS VOLKAMERIANA,101030,IMG-00005-44.jpg,134,115,108,7,26,0.9391304347826088,0.8059701492537313
2022,ONAGRI,CITRUS VOLKAMERIANA,101030,IMG-00017-44.jpg,79,52,50,2,29,0.9615384615384616,0.6329113924050633
2022,ONAGRI,CITRUS VOLKAMERIANA,101040,IMG-00005-44.jpg,172,137,134,3,38,0.978102189781022,0.7790697674418605
2022,ONAGRI,CITRUS VOLKAMERIANA,101040,IMG-00009-44.jpg,131,115,109,6,22,0.9478260869565216,0.8320610687022901
2022,ONAGRI,CITRUS VOLKAMERIANA,101040,IMG-00011-44.jpg,64,50,48,2,16,0.96,0.75
2022,ONAGRI,CITRUS VOLKAMERIANA,101040,IMG-00012-44.jpg,139,100,96,4,43,0.96,0.6906474820143885
2022,ONAGRI,CITRUS VOLKAMERIANA,101050,IMG-00002-44.jpg,95,74,70,4,25,0.945945945945946,0.7368421052631579
2022,ONAGRI,CITRUS VOLKAMERIANA,101050,IMG-00005-44.jpg,59,51,47,4,12,0.9215686274509804,0.7966101694915254
2022,ONAGRI,CITRUS VOLKAMERIANA,101050,IMG-00011-44.jpg,46,28,27,1,19,0.9642857142857144,0.5869565217391305
2022,ONAGRI,CITRUS VOLKAMERIANA,101050,IMG-00024-44.jpg,40,33,32,1,8,0.9696969696969696,0.8
2022,ONAGRI,CITRUS VOLKAMERIANA,101080,IMG-00005-44.jpg,42,29,27,2,15,0.9310344827586208,0.6428571428571429
2022,ONAGRI,CITRUS VOLKAMERIANA,101080,IMG-00006-44.jpg,79,55,54,1,25,0.9818181818181818,0.6835443037974683
2022,ONAGRI,CITRUS VOLKAMERIANA,101080,IMG-00023-44.jpg,7,7,6,1,1,0.8571428571428571,0.8571428571428571
2022,ONAGRI,CITRUS VOLKAMERIANA,101080,IMG-00024-44.jpg,27,14,14,0,13,1.0,0.5185185185185185
2022,ONAGRI,CITRUS VOLKAMERIANA,101090,IMG-00003-44.jpg,66,53,51,2,15,0.9622641509433962,0.7727272727272727
2022,ONAGRI,CITRUS VOLKAMERIANA,101090,IMG-00006-44.jpg,41,26,24,2,17,0.9230769230769232,0.5853658536585366
2022,ONAGRI,CITRUS VOLKAMERIANA,101090,IMG-00019-44.jpg,35,27,26,1,9,0.9629629629629628,0.7428571428571429
2022,ONAGRI,CITRUS VOLKAMERIANA,101090,IMG-00020-44.jpg,42,34,33,1,9,0.9705882352941176,0.7857142857142857
2022,KHOUALKA,CITRANGE CARRIZO,102130,IMG-00001.jpg,5,3,2,1,3,0.6666666666666666,0.4
2022,KHOUALKA,CITRANGE CARRIZO,102130,IMG-00004-43.jpg,24,14,13,1,11,0.9285714285714286,0.5416666666666666
2022,KHOUALKA,CITRANGE CARRIZO,102130,IMG-00019-43.jpg,33,24,23,1,10,0.9583333333333334,0.696969696969697
2022,KHOUALKA,CITRANGE CARRIZO,102130,IMG-00020-43.jpg,18,10,8,2,10,0.8,0.4444444444444444
2022,KHOUALKA,MACROPHYLLA,201180,IMG-00007-43.jpg,38,36,32,4,6,0.8888888888888888,0.8421052631578947
2022,KHOUALKA,MACROPHYLLA,201180,IMG-00011-43.jpg,64,35,33,2,31,0.9428571428571428,0.515625
2022,KHOUALKA,MACROPHYLLA,201180,IMG-00019-43.jpg,64,39,39,0,25,1.0,0.609375
2022,KHOUALKA,MACROPHYLLA,201180,IMG-00020-43.jpg,43,28,26,2,17,0.9285714285714286,0.6046511627906976
2022,KHOUALKA,MACROPHYLLA,201190,IMG-00004-43.jpg,101,62,61,1,40,0.9838709677419356,0.6039603960396039
2022,KHOUALKA,MACROPHYLLA,201190,IMG-00010-43.jpg,90,37,36,1,54,0.972972972972973,0.4
2022,KHOUALKA,MACROPHYLLA,201190,IMG-00011-43.jpg,134,56,55,1,79,0.9821428571428572,0.4104477611940299
2022,KHOUALKA,MACROPHYLLA,201190,IMG-00020-43.jpg,95,46,44,2,51,0.9565217391304348,0.4631578947368421
2022,KHOUALKA,CITRUS VOLKAMERIANA,201210,IMG-00011-43.jpg,103,66,66,0,37,1.0,0.6407766990291263
2022,KHOUALKA,CITRUS VOLKAMERIANA,201210,IMG-00012-43.jpg,42,26,25,1,17,0.9615384615384616,0.5952380952380952
2022,KHOUALKA,CITRUS VOLKAMERIANA,201210,IMG-00015-43.jpg,77,43,43,0,34,1.0,0.5584415584415584
2022,KHOUALKA,CITRUS VOLKAMERIANA,201210,IMG-00019-43.jpg,31,19,18,1,13,0.9473684210526316,0.5806451612903226
2022,KHOUALKA,BIGARADIER,201320,IMG-00006-43.jpg,87,49,49,0,38,1.0,0.5632183908045977
2022,KHOUALKA,BIGARADIER,201320,IMG-00016-43.jpg,97,74,71,3,26,0.9594594594594594,0.7319587628865979
2022,KHOUALKA,BIGARADIER,201320,IMG-00017-43.jpg,49,34,33,1,16,0.9705882352941176,0.673469387755102
2022,KHOUALKA,BIGARADIER,201320,IMG-00020-43.jpg,88,64,62,2,26,0.96875,0.7045454545454546
2022,ONAGRI,BIGARADIER,201390,IMG-00008-44.jpg,62,29,29,0,33,1.0,0.4677419354838709
2022,ONAGRI,BIGARADIER,201390,IMG-00011-44.jpg,90,58,52,6,38,0.896551724137931,0.5777777777777777
2022,ONAGRI,BIGARADIER,201390,IMG-00013-44.jpg,77,26,26,0,51,1.0,0.3376623376623377
2022,ONAGRI,BIGARADIER,201390,IMG-00016-44.jpg,69,33,33,0,36,1.0,0.4782608695652174
2022,KHOUALKA,CITRUS VOLKAMERIANA,202050,IMG-00006-43.jpg,89,46,45,1,44,0.9782608695652174,0.5056179775280899
2022,KHOUALKA,CITRUS VOLKAMERIANA,202050,IMG-00010-43.jpg,94,53,53,0,41,1.0,0.5638297872340425
2022,KHOUALKA,CITRUS VOLKAMERIANA,202050,IMG-00011-43.jpg,151,90,89,1,62,0.9888888888888888,0.5894039735099338
2022,KHOUALKA,CITRUS VOLKAMERIANA,202050,IMG-00020-43.jpg,129,71,70,1,59,0.9859154929577464,0.5426356589147286
2022,KHOUALKA,CITRUS VOLKAMERIANA,202070,IMG-00006-43.jpg,68,41,39,2,29,0.951219512195122,0.5735294117647058
2022,KHOUALKA,CITRUS VOLKAMERIANA,202070,IMG-00009-43.jpg,120,63,63,0,57,1.0,0.525
2022,KHOUALKA,CITRUS VOLKAMERIANA,202070,IMG-00013-43.jpg,95,43,43,0,52,1.0,0.4526315789473684
2022,KHOUALKA,CITRUS VOLKAMERIANA,202070,IMG-00019-43.jpg,57,32,31,1,26,0.96875,0.543859649122807
2022,KHOUALKA,CITRUS VOLKAMERIANA,202080,IMG-00005-43.jpg,65,44,44,0,21,1.0,0.676923076923077
2022,KHOUALKA,CITRUS VOLKAMERIANA,202080,IMG-00008-43.jpg,31,23,22,1,9,0.9565217391304348,0.7096774193548387
2022,KHOUALKA,CITRUS VOLKAMERIANA,202080,IMG-00015-43.jpg,220,100,98,2,122,0.98,0.4454545454545454
2022,KHOUALKA,CITRUS VOLKAMERIANA,202080,IMG-00016-43.jpg,131,70,68,2,63,0.9714285714285714,0.5190839694656488
2022,KHOUALKA,CITRANGE CARRIZO,301380,IMG-00007-43.jpg,30,13,13,0,17,1.0,0.4333333333333333
2022,KHOUALKA,CITRANGE CARRIZO,301380,IMG-00011-43.jpg,53,37,37,0,16,1.0,0.6981132075471698
2022,KHOUALKA,CITRANGE CARRIZO,301380,IMG-00014-43.jpg,7,4,3,1,4,0.75,0.4285714285714285
2022,KHOUALKA,CITRANGE CARRIZO,301380,IMG-00020-43.jpg,91,56,54,2,37,0.9642857142857144,0.5934065934065934
2022,ONAGRI,CITRUS VOLKAMERIANA,301470,IMG-00003-44.jpg,148,89,88,1,60,0.9887640449438202,0.5945945945945946
2022,ONAGRI,CITRUS VOLKAMERIANA,301470,IMG-00004-44.jpg,163,84,78,6,85,0.9285714285714286,0.4785276073619632
2022,ONAGRI,CITRUS VOLKAMERIANA,301470,IMG-00005-44.jpg,160,63,60,3,100,0.9523809523809524,0.375
2022,ONAGRI,CITRUS VOLKAMERIANA,301480,IMG-00001.jpg,92,42,41,1,51,0.9761904761904762,0.4456521739130435
2022,ONAGRI,CITRUS VOLKAMERIANA,301480,IMG-00003-43.jpg,26,11,11,0,15,1.0,0.4230769230769231
2022,ONAGRI,CITRUS VOLKAMERIANA,301480,IMG-00012-43.jpg,50,26,25,1,25,0.9615384615384616,0.5
2022,ONAGRI,CITRUS VOLKAMERIANA,301480,IMG-00014-43.jpg,77,36,36,0,41,1.0,0.4675324675324675
2022,ONAGRI,CITRUS VOLKAMERIANA,301490,IMG-00005-44.jpg,108,51,49,2,59,0.9607843137254902,0.4537037037037037
2022,ONAGRI,CITRUS VOLKAMERIANA,301490,IMG-00009-44.jpg,185,77,75,2,110,0.974025974025974,0.4054054054054054
2022,ONAGRI,CITRUS VOLKAMERIANA,301490,IMG-00012-44.jpg,162,81,81,0,81,1.0,0.5
2022,ONAGRI,CITRUS VOLKAMERIANA,301490,IMG-00015-44.jpg,109,49,47,2,62,0.9591836734693876,0.4311926605504587
2022,ONAGRI,CITRUS VOLKAMERIANA,301510,IMG-00001.jpg,252,102,101,1,151,0.9901960784313726,0.4007936507936508
2022,ONAGRI,CITRUS VOLKAMERIANA,301510,IMG-00006-44.jpg,137,77,73,4,64,0.948051948051948,0.5328467153284672
2022,ONAGRI,CITRUS VOLKAMERIANA,301510,IMG-00007-44.jpg,115,54,53,1,62,0.9814814814814816,0.4608695652173913
2022,ONAGRI,CITRUS VOLKAMERIANA,301510,IMG-00008-44.jpg,150,79,77,2,73,0.9746835443037974,0.5133333333333333
2022,ONAGRI,BIGARADIER,301550,IMG-00008-44.jpg,144,83,83,0,61,1.0,0.5763888888888888
2022,ONAGRI,BIGARADIER,301550,IMG-00011-44.jpg,40,21,21,0,19,1.0,0.525
2022,ONAGRI,BIGARADIER,301550,IMG-00013-44.jpg,76,30,30,0,46,1.0,0.3947368421052632
2022,ONAGRI,BIGARADIER,301550,IMG-00014-44.jpg,80,33,29,4,51,0.8787878787878788,0.3625
2022,ONAGRI,CITRUS VOLKAMERIANA,301570,IMG-00004-44.jpg,158,87,86,1,72,0.9885057471264368,0.5443037974683544
2022,ONAGRI,CITRUS VOLKAMERIANA,301570,IMG-00007-44.jpg,152,78,75,3,77,0.9615384615384616,0.4934210526315789
2022,ONAGRI,CITRUS VOLKAMERIANA,301570,IMG-00008-44.jpg,103,40,40,0,63,1.0,0.3883495145631068
2022,ONAGRI,CITRUS VOLKAMERIANA,301570,IMG-00017-44.jpg,218,98,97,1,121,0.9897959183673468,0.444954128440367
2022,KHOUALKA,CITRUS VOLKAMERIANA,302340,IMG-00004-43.jpg,106,53,53,0,53,1.0,0.5
2022,KHOUALKA,CITRUS VOLKAMERIANA,302340,IMG-00005-43.jpg,105,56,54,2,51,0.9642857142857144,0.5142857142857142
2022,KHOUALKA,CITRUS VOLKAMERIANA,302340,IMG-00011-43.jpg,75,34,34,0,41,1.0,0.4533333333333333
2022,KHOUALKA,CITRUS VOLKAMERIANA,302340,IMG-00015-43.jpg,92,30,29,1,63,0.9666666666666668,0.3152173913043478
2022,KHOUALKA,CITRUS VOLKAMERIANA,302350,IMG-00008-43.jpg,33,24,24,0,9,1.0,0.7272727272727273
2022,KHOUALKA,CITRUS VOLKAMERIANA,302350,IMG-00013-43.jpg,80,47,45,2,35,0.9574468085106383,0.5625
2022,KHOUALKA,CITRUS VOLKAMERIANA,302350,IMG-00014-43.jpg,76,40,39,1,37,0.975,0.5131578947368421
2022,KHOUALKA,CITRUS VOLKAMERIANA,302350,IMG-00018-43.jpg,44,27,27,0,17,1.0,0.6136363636363636
2022,KHOUALKA,CITRUS VOLKAMERIANA,302360,IMG-00005-43.jpg,97,37,37,0,60,1.0,0.3814432989690721
2022,KHOUALKA,CITRUS VOLKAMERIANA,302360,IMG-00006-43.jpg,118,37,37,0,81,1.0,0.3135593220338983
2022,KHOUALKA,CITRUS VOLKAMERIANA,302360,IMG-00016-43.jpg,67,34,34,0,33,1.0,0.5074626865671642
2022,KHOUALKA,CITRUS VOLKAMERIANA,302360,IMG-00021-43.jpg,65,42,37,5,28,0.8809523809523809,0.5692307692307692
2022,KHOUALKA,CITRUS VOLKAMERIANA,302510,IMG-00001.jpg,73,36,36,0,37,1.0,0.4931506849315068
2022,KHOUALKA,CITRUS VOLKAMERIANA,302510,IMG-00002-43.jpg,44,21,21,0,23,1.0,0.4772727272727273
2022,KHOUALKA,CITRUS VOLKAMERIANA,302510,IMG-00003-43.jpg,78,49,47,2,31,0.9591836734693876,0.6025641025641025
2022,KHOUALKA,CITRUS VOLKAMERIANA,302510,IMG-00015-43.jpg,49,22,22,0,27,1.0,0.4489795918367347
2022,KHOUALKA,BIGARADIER,401410,IMG-00093-43.jpg,35,17,17,0,18,1.0,0.4857142857142857
2022,KHOUALKA,BIGARADIER,401410,IMG-00099-43.jpg,6,2,2,0,4,1.0,0.3333333333333333
2022,KHOUALKA,BIGARADIER,401410,IMG-00102-43.jpg,78,34,32,2,46,0.9411764705882352,0.4102564102564102
2022,KHOUALKA,BIGARADIER,401410,IMG-00104-43.jpg,81,38,37,1,44,0.9736842105263158,0.4567901234567901
2022,ONAGRI,CITRANGE C35,401660,IMG-00001.jpg,56,41,40,1,16,0.975609756097561,0.7142857142857143
2022,ONAGRI,CITRANGE C35,401660,IMG-00008-44.jpg,42,27,27,0,15,1.0,0.6428571428571429
2022,ONAGRI,CITRANGE C35,401660,IMG-00010-44.jpg,29,22,21,1,8,0.9545454545454546,0.7241379310344828
2022,ONAGRI,CITRANGE C35,401660,IMG-00016-44.jpg,64,41,39,2,25,0.951219512195122,0.609375
2022,ONAGRI,CITRANGE C35,401710,IMG-00003-44.jpg,51,29,28,1,23,0.9655172413793104,0.5490196078431373
2022,ONAGRI,CITRANGE C35,401710,IMG-00012-44.jpg,19,15,15,0,4,1.0,0.7894736842105263
2022,ONAGRI,CITRANGE C35,401710,IMG-00013-44.jpg,33,27,24,3,9,0.8888888888888888,0.7272727272727273
2022,ONAGRI,CITRANGE C35,401710,IMG-00019-44.jpg,76,60,58,2,18,0.9666666666666668,0.7631578947368421
2022,ONAGRI,CITRANGE C35,401720,IMG-00007-44.jpg,93,65,62,3,31,0.953846153846154,0.6666666666666666
2022,ONAGRI,CITRANGE C35,401720,IMG-00008-44.jpg,38,22,22,0,16,1.0,0.5789473684210527
2022,ONAGRI,CITRANGE C35,401720,IMG-00010-44.jpg,50,23,23,0,27,1.0,0.46
2022,ONAGRI,CITRANGE C35,401720,IMG-00017-44.jpg,68,42,41,1,27,0.9761904761904762,0.6029411764705882
2022,ONAGRI,CITRANGE C35,401730,IMG-00001.jpg,19,13,12,1,7,0.9230769230769232,0.631578947368421
2022,ONAGRI,CITRANGE C35,401730,IMG-00010-44.jpg,50,35,35,0,15,1.0,0.7
2022,ONAGRI,CITRANGE C35,401730,IMG-00013-44.jpg,75,57,56,1,19,0.9824561403508772,0.7466666666666667
2022,ONAGRI,CITRANGE C35,401730,IMG-00016-44.jpg,36,26,25,1,11,0.9615384615384616,0.6944444444444444
2022,ONAGRI,CITRANGE C35,401750,IMG-00005-44.jpg,88,41,41,0,47,1.0,0.4659090909090909
2022,ONAGRI,CITRANGE C35,401750,IMG-00009-44.jpg,127,77,73,4,54,0.948051948051948,0.5748031496062992
2022,ONAGRI,CITRANGE C35,401750,IMG-00016-44.jpg,107,68,67,1,40,0.9852941176470588,0.6261682242990654
2022,ONAGRI,CITRANGE C35,401750,IMG-00024-44.jpg,50,28,28,0,22,1.0,0.56
2022,ONAGRI,CITRUMELO SACCATON,401770,IMG-00003-44.jpg,24,17,17,0,7,1.0,0.7083333333333334
2022,ONAGRI,CITRUMELO SACCATON,401770,IMG-00008-44.jpg,72,42,41,1,31,0.9761904761904762,0.5694444444444444
2022,ONAGRI,CITRUMELO SACCATON,401770,IMG-00009-44.jpg,14,9,9,0,5,1.0,0.6428571428571429
2022,ONAGRI,CITRUMELO SACCATON,401770,IMG-00017-44.jpg,20,11,10,1,10,0.9090909090909092,0.5
2022,KHOUALKA,BIGARADIER,402440,IMG-00005-43.jpg,17,5,5,0,12,1.0,0.2941176470588235
2022,KHOUALKA,BIGARADIER,402440,IMG-00012-43.jpg,46,26,26,0,20,1.0,0.5652173913043478
2022,KHOUALKA,BIGARADIER,402440,IMG-00014-43.jpg,11,3,3,0,8,1.0,0.2727272727272727
2022,KHOUALKA,BIGARADIER,402440,IMG-00015-43.jpg,22,4,4,0,18,1.0,0.1818181818181818
2022,KHOUALKA,BIGARADIER,402590,IMG-00007-43.jpg,104,53,49,4,55,0.9245283018867924,0.4711538461538461
2022,KHOUALKA,BIGARADIER,402590,IMG-00012-43.jpg,45,21,21,0,24,1.0,0.4666666666666667
2022,KHOUALKA,BIGARADIER,402590,IMG-00015-43.jpg,58,35,35,0,23,1.0,0.603448275862069
2022,KHOUALKA,BIGARADIER,402590,IMG-00019-43.jpg,64,42,42,0,22,1.0,0.65625
2022,KHOUALKA,CITRUS VOLKAMERIANA,501520,IMG-00004-43.jpg,39,16,16,0,23,1.0,0.4102564102564102
2022,KHOUALKA,CITRUS VOLKAMERIANA,501520,IMG-00007-43.jpg,43,25,25,0,18,1.0,0.5813953488372093
2022,KHOUALKA,CITRUS VOLKAMERIANA,501520,IMG-00015-43.jpg,18,10,10,0,8,1.0,0.5555555555555556
2022,KHOUALKA,CITRUS VOLKAMERIANA,501520,IMG-00020-43.jpg,48,29,27,2,21,0.9310344827586208,0.5625
2022,KHOUALKA,CITRUS VOLKAMERIANA,501540,IMG-00006-43.jpg,38,26,25,1,13,0.9615384615384616,0.6578947368421053
2022,KHOUALKA,CITRUS VOLKAMERIANA,501540,IMG-00012-43.jpg,102,63,62,1,40,0.984126984126984,0.6078431372549019
2022,KHOUALKA,CITRUS VOLKAMERIANA,501540,IMG-00017-43.jpg,138,56,56,0,82,1.0,0.4057971014492754
2022,KHOUALKA,CITRUS VOLKAMERIANA,501540,IMG-00018-43.jpg,51,30,30,0,21,1.0,0.5882352941176471
2022,KHOUALKA,CITRUS VOLKAMERIANA,501660,IMG-00006-43.jpg,60,38,35,3,25,0.9210526315789472,0.5833333333333334
2022,KHOUALKA,CITRUS VOLKAMERIANA,501660,IMG-00016-43.jpg,63,42,38,4,25,0.9047619047619048,0.6031746031746031
2022,KHOUALKA,CITRUS VOLKAMERIANA,501660,IMG-00018-43.jpg,112,55,55,0,57,1.0,0.4910714285714285
2022,KHOUALKA,CITRUS VOLKAMERIANA,501660,IMG-00021-43.jpg,90,55,54,1,36,0.9818181818181818,0.6
2022,KHOUALKA,CITRUS VOLKAMERIANA,501680,IMG-00005-43.jpg,179,89,89,0,90,1.0,0.4972067039106145
2022,KHOUALKA,CITRUS VOLKAMERIANA,501680,IMG-00011-43.jpg,101,38,38,0,63,1.0,0.3762376237623762
2022,KHOUALKA,CITRUS VOLKAMERIANA,501680,IMG-00012-43.jpg,76,27,26,1,50,0.9629629629629628,0.3421052631578947
2022,KHOUALKA,CITRUS VOLKAMERIANA,501680,IMG-00016-43.jpg,113,69,69,0,44,1.0,0.6106194690265486
2022,KHOUALKA,CITRUS VOLKAMERIANA,501690,IMG-00032-43.jpg,34,12,12,0,22,1.0,0.3529411764705883
2022,KHOUALKA,CITRUS VOLKAMERIANA,501690,IMG-00039-43.jpg,186,92,91,1,95,0.9891304347826086,0.489247311827957
2022,KHOUALKA,CITRUS VOLKAMERIANA,501690,IMG-00047-43.jpg,103,41,41,0,62,1.0,0.3980582524271845
2022,KHOUALKA,CITRUS VOLKAMERIANA,501690,IMG-00049-43.jpg,166,73,73,0,93,1.0,0.4397590361445783
2022,KHOUALKA,CITRUS VOLKAMERIANA,501760,IMG-00001.jpg,94,36,35,1,59,0.9722222222222222,0.3723404255319149
2022,KHOUALKA,CITRUS VOLKAMERIANA,501760,IMG-00034-43.jpg,45,10,10,0,35,1.0,0.2222222222222222
2022,KHOUALKA,CITRUS VOLKAMERIANA,501760,IMG-00036-43.jpg,40,17,17,0,23,1.0,0.425
2022,KHOUALKA,CITRUS VOLKAMERIANA,501760,IMG-00051-43.jpg,92,25,25,0,67,1.0,0.2717391304347826
2022,ONAGRI,CITRUMELO SACCATON,510910,IMG-00004-44.jpg,73,46,46,0,27,1.0,0.6301369863013698
2022,ONAGRI,CITRUMELO SACCATON,510910,IMG-00008-44.jpg,152,81,81,0,71,1.0,0.5328947368421053
2022,ONAGRI,CITRUMELO SACCATON,510910,IMG-00010-44.jpg,107,68,63,5,44,0.9264705882352942,0.5887850467289719
2022,ONAGRI,CITRUMELO SACCATON,510910,IMG-00011-44.jpg,92,59,57,2,35,0.9661016949152542,0.6195652173913043
2022,ONAGRI,CITRUMELO SACCATON,510950,IMG-00006-44.jpg,70,46,46,0,24,1.0,0.6571428571428571
2022,ONAGRI,CITRUMELO SACCATON,510950,IMG-00008-44.jpg,75,44,44,0,31,1.0,0.5866666666666667
2022,ONAGRI,CITRUMELO SACCATON,510950,IMG-00009-44.jpg,85,51,47,4,38,0.9215686274509804,0.5529411764705883
2022,ONAGRI,CITRUMELO SACCATON,510950,IMG-00011-44.jpg,135,81,80,1,55,0.9876543209876544,0.5925925925925926
2022,ONAGRI,MC PONSIRUCE TRIFOLIATA,510980,IMG-00014-44.jpg,67,38,36,2,31,0.9473684210526316,0.5373134328358209
2022,ONAGRI,MC PONSIRUCE TRIFOLIATA,510980,IMG-00015-44.jpg,51,32,31,1,20,0.96875,0.6078431372549019
2022,ONAGRI,MC PONSIRUCE TRIFOLIATA,510980,IMG-00016-44.jpg,99,56,56,0,43,1.0,0.5656565656565656
2022,ONAGRI,MC PONSIRUCE TRIFOLIATA,510980,IMG-00019-44.jpg,102,53,53,0,49,1.0,0.5196078431372549
2022,ONAGRI,MC PONSIRUCE TRIFOLIATA,510990,IMG-00006-44.jpg,135,91,90,1,45,0.989010989010989,0.6666666666666666
2022,ONAGRI,MC PONSIRUCE TRIFOLIATA,510990,IMG-00008-44.jpg,110,75,75,0,35,1.0,0.6818181818181818
2022,ONAGRI,MC PONSIRUCE TRIFOLIATA,510990,IMG-00009-44.jpg,85,60,59,1,26,0.9833333333333332,0.6941176470588235
2022,ONAGRI,MC PONSIRUCE TRIFOLIATA,510990,IMG-00024-44.jpg,65,44,43,1,22,0.9772727272727272,0.6615384615384615
2022,ONAGRI,MC PONSIRUCE TRIFOLIATA,511030,IMG-00007-44.jpg,100,81,76,5,24,0.9382716049382716,0.76
2022,ONAGRI,MC PONSIRUCE TRIFOLIATA,511030,IMG-00016-44.jpg,63,46,44,2,19,0.9565217391304348,0.6984126984126984
2022,ONAGRI,MC PONSIRUCE TRIFOLIATA,511030,IMG-00022-44.jpg,98,76,73,3,25,0.9605263157894736,0.7448979591836735
2022,ONAGRI,MC PONSIRUCE TRIFOLIATA,511030,IMG-00027-44.jpg,82,66,65,1,17,0.9848484848484848,0.7926829268292683
2022,ONAGRI,MS PONSIRUCE TRIFOLIATA,511040,IMG-00004-44.jpg,77,55,55,0,22,1.0,0.7142857142857143
2022,ONAGRI,MS PONSIRUCE TRIFOLIATA,511040,IMG-00014-44.jpg,48,32,29,3,19,0.90625,0.6041666666666666
2022,ONAGRI,MS PONSIRUCE TRIFOLIATA,511040,IMG-00016-44.jpg,71,47,46,1,25,0.9787234042553192,0.647887323943662
2022,ONAGRI,MS PONSIRUCE TRIFOLIATA,511040,IMG-00025-44.jpg,56,35,34,1,22,0.9714285714285714,0.6071428571428571
2022,ONAGRI,FUZHU,511050,IMG-00004-44.jpg,109,61,55,6,54,0.9016393442622952,0.5045871559633027
2022,ONAGRI,FUZHU,511050,IMG-00006-44.jpg,142,83,77,6,65,0.927710843373494,0.5422535211267606
2022,ONAGRI,FUZHU,511050,IMG-00011-44.jpg,172,133,128,5,44,0.962406015037594,0.7441860465116279
2022,ONAGRI,FUZHU,511050,IMG-00022-44.jpg,194,141,135,6,59,0.9574468085106383,0.6958762886597938
2022,ONAGRI,MS PONSIRUCE TRIFOLIATA,511060,IMG-00007-44.jpg,115,70,70,0,45,1.0,0.6086956521739131
2022,ONAGRI,MS PONSIRUCE TRIFOLIATA,511060,IMG-00016-44.jpg,102,62,58,4,44,0.935483870967742,0.5686274509803921
2022,ONAGRI,MS PONSIRUCE TRIFOLIATA,511060,IMG-00017-44.jpg,59,29,29,0,30,1.0,0.4915254237288136
2022,ONAGRI,MS PONSIRUCE TRIFOLIATA,511060,IMG-00019-44.jpg,108,58,57,1,51,0.9827586206896552,0.5277777777777778
2022,ONAGRI,FUZHU,511070,IMG-00006-44.jpg,82,63,62,1,20,0.984126984126984,0.7560975609756098
2022,ONAGRI,FUZHU,511070,IMG-00016-44.jpg,96,58,57,1,39,0.9827586206896552,0.59375
2022,ONAGRI,FUZHU,511070,IMG-00018-44.jpg,93,58,56,2,37,0.9655172413793104,0.6021505376344086
2022,ONAGRI,FUZHU,511070,IMG-00019-44.jpg,142,91,90,1,52,0.989010989010989,0.6338028169014085
